pc vector number	1	2	3	4	5	6	7	8	9	10	11	12	13	14	15	16	17	18	19	20	21	22	23	24	25	26	27	28	29	30
FN44	-0.0309366288816	-0.0164567521365	0.0383274179789	-0.107529731306	0.0103002381532	-0.0656447494185	0.01222712972	0.0698095748475	-0.0612555741292	0.0363290641272	-0.0177195375169	0.0410790214867	0.0065216949177	-0.0034137087641	-0.0107007691681	0.00492838589688	-0.0527608842121	0.00482684038067	0.00552223420831	-0.0214068385773	-0.000741744673378	0.0042410401165	-0.0100789605576	0.0137305746973	-0.000256981347191	-0.00851151750026	0.0018577230418	0.0119083157441	0.00195588746213	3.19944130837e-09
FN45	-0.157538032623	-0.0171649845388	-0.0840555671825	-0.057656382646	-0.0436937401036	-0.0197025704949	0.0221703118245	-0.0202119264518	0.0518319070097	0.00909264346808	0.0254013648592	0.025208026903	-0.00356147591985	-0.0115558269946	0.00115771420955	-0.0125257548444	-0.0199766938113	-0.00307471970994	-0.0555359994449	0.0171814178814	-0.0140762682207	-0.0144245907784	0.0204637657572	-0.00410534762809	-0.0158972125895	0.0054670845366	-0.00110637779642	0.006940737269	-0.00660390983071	3.19944130837e-09
FN46	-0.40716744314	-0.0840033265607	0.0786062948399	0.196636347247	0.00481937803344	-0.0337779370569	-0.0143519199591	-0.0156864233362	-0.0572238264841	0.00865257230773	0.0356462848866	0.00307776247786	0.0286629162406	0.0114802352739	-0.0359762338744	0.0122586542685	0.0154114583262	-0.0355231361673	-0.0104559833062	-0.0329135088702	-0.00653105862532	0.00213797476987	0.00261703898763	-0.0127837188177	-0.00443223916763	-0.00482497822499	0.00415537160276	-0.000953804632296	-0.00379612528985	3.19944130837e-09
FN47	0.304026054128	-0.064883689595	0.111928639718	0.0844022715775	-0.0296792314477	-0.000219238580744	0.0428646660408	0.0195649954904	0.0198760948469	0.0543847513668	-0.00521752064035	-0.00366423556987	-0.0504554362887	-0.0143301616049	-0.0664443908091	-0.0187788446025	0.010295673925	-0.00875188886365	-0.00784991004498	0.0238751329407	0.0304421499188	0.00889548906059	0.0114827552672	0.00119417704817	-0.0043652849196	-0.00262497837754	0.00625510859413	0.00103776554311	0.00622130239601	3.19944130837e-09
FN40	-0.0457523071089	-0.0769282087641	0.0120362013201	-0.0240539673018	0.0782168865212	0.0439512748306	-0.0342746291559	0.0237833799419	0.0530308398998	-0.029201684252	-0.0452109787585	0.0403673566768	0.0162434814844	-0.0124543537096	-0.00858209742563	0.0170939971308	0.00155426176408	-0.0387425202483	0.0227136175684	-0.0120880011408	0.0205479281794	-0.0203462437159	-0.00212269477978	-0.00519252234404	-0.0194253580106	0.0161692571669	-0.00725003397368	0.00187674553808	0.0031467824661	3.19944130837e-09
FN41	0.151080731681	0.249856549121	-0.197911579019	0.150270883739	-0.0354300393808	0.00746834620518	-0.0502488428849	0.0312943020377	-0.0108988986435	0.0132517609453	-0.0371770370037	0.0208775897819	0.0349562529912	0.059606277057	-0.0217655603026	-0.0124446160608	-0.00329381301394	0.0105677293081	0.00634172757231	0.00997800351894	-0.0162871414228	0.0106118374	0.0121992327284	-0.00149499211287	0.0032631132079	0.00752913496125	-0.00340284187289	0.00274401291061	0.00364402151337	3.19944130837e-09
FN42	-0.389183636925	-0.0481286572648	-0.112772001219	0.074662545385	-0.0362354017309	0.0396949948007	0.0973498018867	0.0660107193545	0.00334634627186	-0.0160119039803	-0.0470508083381	-0.0619905215987	-0.0416681329061	0.0259169565185	0.0397755234231	-0.00980266635563	-0.00850768674986	-0.0220280555199	0.00233154802569	0.000817180581216	0.00880292091033	-0.0061134329331	-0.000379584162257	0.00654360987903	0.00522482380071	-0.00509627057549	-0.00425776234704	-1.75002417709e-05	-0.00076537154422	3.19944130837e-09
FN43	-0.0783161136137	0.289130294596	0.0926161266153	0.00281132780415	0.0474996292315	-0.00307122977349	-0.0262774209464	-0.00167547869589	-0.0637466502499	-0.0387466890132	7.65720797765e-05	0.00773705847289	-0.0966297834877	-0.0326198656552	0.0264030677834	0.016467629664	-0.00464118806363	-0.0032924035536	0.00229328615153	0.011104752361	-0.0134340781805	0.000107575741824	0.00641476414695	-0.0212533750552	-0.00202995263697	0.00410830351043	0.00140794679904	0.00105073856259	0.00251117872979	3.19944130837e-09
FN48	0.0831616822976	-0.0598378903922	-0.0254710169601	-0.0916778548311	-0.103231859788	-0.123529956031	0.0163005158453	-0.0247277711952	-0.0498408454043	0.00375284954791	-0.0040338766769	0.0494957615559	-0.0191057875478	0.0268401312183	0.0241566926374	-0.0188862737198	0.0133491869106	-0.0235858011626	0.0128682420026	0.00177723187386	0.00338830923051	0.00284303254323	0.0068430777424	0.0136377409652	-0.00628211046554	0.00754499082755	-0.00210065022088	-0.0127110472382	-0.000948176952738	3.19944130837e-09
FN49	0.212187552189	-0.110209395548	-0.0489645356857	-0.0366191099815	-0.0221773623494	0.0592881189788	-0.0213789163907	-0.064210587395	-0.0472735097516	-0.0269200338565	0.0145509965963	-0.0354376101599	-0.0169013630441	0.0107453840212	-0.0264037169489	0.00692704867416	-0.00153100740475	-0.016032631822	-0.0257108944929	-0.00842727702141	-0.0217651902326	-0.0283043646737	-0.0109265794155	0.0183070838054	0.00817562914128	0.00140204580545	-0.00402539148751	0.000664475583373	0.0100853980257	3.19944130837e-09
FN31	0.191067921029	0.0607041075718	-0.0795792613024	0.000536539617602	0.00639463784678	0.0267116321519	0.00549297261831	0.0385677238207	-0.00595709872988	-0.0628142150739	0.0225141150147	0.00219466044672	0.0112688148096	-0.0243101612652	-0.019923807881	0.0524265151226	0.0128975799322	-0.0131064132273	-0.00550801533781	0.0235713549835	-0.00488099029983	0.0264699472133	-0.0131635869772	0.0175622994889	-0.0198574816751	-0.0132544858226	-0.0054316797102	-0.00273566435016	-0.00493983990104	3.19944130837e-09
FN33	0.296924595145	0.0199821258666	0.0302225787854	0.0993117023356	0.0722860250838	0.0259207730668	0.0825686419853	0.0188841031207	-0.0287518520066	-0.0372902703758	0.0686084981808	0.0444118630531	0.0276779522644	0.0275376083294	0.0331753943434	-0.0260145635251	-0.00940203662532	0.0166879625108	-0.0106124137507	0.00769539209831	0.018737969336	-0.0146475084979	-0.0191563690441	-0.00789466820159	0.00373870105811	0.00615468164711	0.00115918463367	-0.000715416864241	-0.000665661919774	3.19944130837e-09
FN32	0.160546814425	-0.0413184660341	0.0630012616202	0.00734213595431	-0.0134617574895	-0.0417604450627	0.0446272185597	-0.0160221483465	0.0235233310315	-0.0117236335306	-0.0204563726242	0.00845903318438	0.0163803454955	-0.00213354062049	0.0434348102717	0.023753270151	0.069444696112	-0.00366898416388	0.00581372664391	-0.00307215361635	-0.0159885532138	0.00554029285626	0.00380524121934	0.00750779408198	0.00940727408816	0.00286836459118	0.00774488193301	0.0133784298357	0.00103768280553	3.19944130837e-09
FN35	0.00115279625619	-0.115116664988	-0.126757677654	-0.0640623974652	0.0149551506109	-0.0483543546117	-0.0288264259007	0.00959532549302	0.00381518496923	-0.0446557059596	0.0520596063026	-0.0672368592179	0.00771310235592	0.0170727783964	0.013378732658	-0.0100451813959	-0.0041286211733	0.0224382856281	0.0162845847246	-0.0118134478691	0.0101621340278	0.00980207390605	0.0108990762475	-0.0104461442945	-0.0233361547659	0.000254525530391	0.012975999825	0.00156246625029	0.00657618111781	3.19944130837e-09
FN34	0.125131044998	-0.0537704399681	-0.0841719931039	-0.0404891644388	-0.0625869914449	0.0268533732941	-0.0733281172644	0.0889169108233	-0.00376768847765	0.0518569005161	0.0436198535118	-0.0107426863695	-0.00697634217763	-0.0190348706937	0.00129481367941	0.0169950517406	0.0122109253505	-0.011785160072	0.0190856263328	0.0148957854436	-0.000881687055385	-0.0298025320018	-0.00436976979626	-0.00659435274377	0.0165657263138	0.000896620699014	0.00959649069302	-0.00119814386759	-0.00703707266077	3.19944130837e-09
FN37	0.101428072773	-0.0916536525998	0.104128221284	-0.0258055655836	0.0331756066882	0.00822968349205	-0.0200333916511	0.000477874280537	-0.0308218707284	0.0588172817773	-0.053899228622	-0.0138727986463	0.0475922561554	0.0160106811638	0.0410155898801	0.00510753061308	0.00868148166858	0.0105670178495	-0.0117199485593	0.024981763319	-0.00833978352148	-0.0144842654268	0.00191516196611	-0.0198228293773	-0.0156772150704	-0.0177352117793	-0.00547859933809	-0.00433395316049	0.00321788203335	3.19944130837e-09
FN36	0.138870218639	0.204504989376	-0.0977662420452	0.0935215980628	-0.0307475747974	-0.0766897343649	-0.00541562173919	-0.0649831064409	0.0171896316543	-0.00676092499605	-0.0457962809576	-0.0167969681116	0.0269031029898	-0.0676096616612	0.014076345669	0.0155346798196	-0.0165857494824	0.00880197801671	-0.00892006271432	-0.0172043284666	0.0277800585405	-0.0189283722502	-0.00442744127377	0.00515444570809	0.00402855588747	-0.00623740679684	0.00691327896258	-0.00299159770712	-0.000975251673423	3.19944130837e-09
FN39	-0.206013863358	0.0274166791583	-0.0309476500837	-0.0368823923688	-0.014534604436	0.0484895686053	0.010497119464	-0.0595877758187	0.0487906307792	0.0483346037434	0.000580173225451	0.0155673717899	0.0122160659745	0.00545802573781	0.0176884789944	0.00618138893426	-0.0265010705468	-0.0305564060352	0.00136564685177	0.0172292854226	-0.0113762528706	0.0274917933823	-0.0276665912116	-0.00832869472514	0.00395448284883	0.00379161467992	0.0146911077543	-0.00284830642586	0.00445504320362	3.19944130837e-09
FN38	-0.285170338392	-0.145560260254	0.105398643253	0.155234164135	0.00545475265608	-0.0362727810089	-0.0857370169992	-0.00337412994789	0.0359472466831	0.0117993329495	0.0376205890622	0.0040861448712	-0.0116382099389	-0.0177312350224	0.0398832428662	0.0027459558713	-0.0155244323165	0.0254608125181	0.0063169721173	0.021422730941	0.00191381467925	0.00512851149348	-0.000202561926091	0.0265631619882	0.00369924413386	0.00314113163786	-0.00862742171378	0.000471079678843	0.00323885029405	3.19944130837e-09
FN57	-0.256591213236	0.00177246964983	-0.0669021739516	0.000973008168694	-0.0594203012418	0.0285670290821	0.0376086550167	0.000206909233969	0.000995551031667	0.023276841129	-0.00326387224396	0.0199528631673	-0.0121643644476	-0.0536043389132	-0.0295754439379	-0.0434855352234	0.0343960894653	0.0465987359592	0.0188272865577	-0.0119751883743	-0.0196202620207	-0.00575665289326	-0.0222556598331	-0.00521765837666	-0.0137439845966	0.000848949120998	-0.00521509869328	-0.00117769196404	0.00100329345796	3.19944130837e-09
FN56	-0.345554657605	0.0870574100135	0.0669136267195	-0.0925025126585	-0.0627123463573	0.0936343754376	0.0524551996619	-0.0293736487774	-0.0402219274706	-0.000401841349285	0.0181004394824	0.00581057457775	0.0484266054919	-0.000398676392334	-0.0169374025356	0.0500291311125	-0.00262394028395	0.0276546732731	0.0144259863299	0.0103557083382	0.0185136521059	-0.00245025811239	0.0237951552511	0.00517204416594	0.00795946902038	0.00534144118601	0.000181578965	-0.00179581382512	0.0018507383056	3.19944130837e-09
FN55	0.112916318367	0.0208399514361	0.14449883386	-0.0136331473713	0.00968757238082	-0.0764799923787	0.0513727181806	0.0631448171237	0.0635099684948	-0.0389545552094	0.00137267157421	-0.0325429513887	0.0364515807368	-0.0234767482589	-0.0257128360175	0.00125738191805	-0.0240308166244	-0.00147562593199	0.00480514372589	-0.00426631241081	-0.0365720406241	-0.00151689627945	0.0071594599327	-0.00689921064264	0.0135856495956	0.00483013182147	-0.00230809376589	-0.00812090047247	0.00248917509569	3.19944130837e-09
FN54	-0.124336754957	0.130361675005	-0.105074875627	-0.0667949405552	0.220619143384	-0.0548517177156	0.0279052649464	-0.032027234552	0.0288610778513	0.0680442188129	0.0292681428603	-0.010317462102	-0.0207799933253	0.0265516148734	-0.020435425775	0.00953927127532	0.0192454287263	0.00202912672749	0.00870894720073	-0.00140370757424	-0.000257558486344	-0.00723338816809	0.0039330259845	0.0106877762377	0.00656001517752	-0.00449743266108	-0.00436142901086	-0.00252801269033	-0.00127221182651	3.19944130837e-09
FN53	-0.0922927110613	-0.141394034481	-0.0240035979055	-0.0268784706178	0.051032692376	0.0562079900074	-0.0397657332708	0.0309455265387	0.0309645895689	-0.0522124135665	-0.0422116715563	0.0653182905692	-0.0295786187641	0.0172934662118	-0.00366551794486	-0.00117382912689	0.0100594003523	0.0290669639598	-0.0261804711142	-0.019604600096	0.000498376163169	0.00529251721046	0.00878463016493	0.00285316261424	0.0134919066949	-0.0098531854296	0.0118649069955	-0.0074400619792	0.000145130859261	3.19944130837e-09
FN52	-0.0622743003033	-0.114755440568	-0.0299096268396	-0.0375466119511	0.0128240713964	-0.0206044546402	-0.0180810200564	-0.0705296487435	-0.00614067873177	-0.0721830743057	-0.00988808834353	0.00929027064882	0.0124377672394	-0.00586335921373	-0.027501572998	-0.0472124605809	-0.00963667017024	-0.0134697363853	0.0313417393236	0.0306593575802	0.00517464354258	0.00104531072869	0.00338484188703	-0.0126406721401	0.0183052996437	-0.0130277659459	-0.00479588065282	0.00600824724617	-0.00392340142251	3.19944130837e-09
FN51	0.30367161632	-0.137908622307	0.0297484910019	0.0431854291437	-0.0559406602363	0.00443442585733	0.0160093975034	-0.0590913703266	0.0350052541386	0.0150940823483	-0.0100499457418	-0.00723840991993	-0.0512855612531	0.0493446530299	-0.00800391924027	0.053047412195	-0.0259764960475	0.0285837786419	0.01938957423	-0.0192468518202	-0.00416812603144	0.00224049976364	-0.00571027283226	-0.014158141787	-0.0030539738389	0.00133164101088	-0.00612921404155	0.00124855332302	-0.00738239648518	3.19944130837e-09
FN50	0.0230843368842	-0.0925358068968	0.0534585388937	-0.0288302511768	0.081345258885	0.00516677343515	-0.0225742579233	-0.00376619299958	-0.0613172166922	0.00260940410848	-0.0588135172962	-0.0581917999585	0.0134473881049	-0.0080726653171	-0.0154958681309	-0.0186597480039	0.00110482331117	0.0164273062766	-0.0168435885609	0.0109540202434	0.00319976141212	0.0156458602162	-0.008618471849	0.0079491412894	0.000724269269604	0.0213628739957	0.00472614748226	-0.000509754455044	-0.00919083032787	3.19944130837e-09
FN59	0.0588554850425	-0.0220457806981	-0.0640880326622	-0.0817167597976	-0.0303690027155	-0.00844227272469	-0.0263810697728	0.0210785504679	0.00227736884312	0.0210617419312	0.0232091423627	-0.0110907482107	0.00607360188534	-0.0234835132392	0.0150436024325	0.00201010748264	0.0162474019401	-0.00467308953387	-0.0294186939986	-0.0219145783521	0.0238466841671	0.0300738508713	-0.00315469861148	-0.0212790975078	0.0195219356167	0.00275274565031	-0.0179467851174	0.000665059753473	0.00297781972564	3.19944130837e-09
FN58	-0.101556989244	0.297867679031	0.207335317002	-0.0877635855261	-0.0720214642842	0.00828165929419	-0.0515966582368	0.00499284354754	0.0489788933587	-0.0213763140243	0.00886937412303	-0.0281973801611	0.00145391817315	0.0593316122633	-0.00817532520287	-0.0314759076265	0.014626460931	-0.00149784834669	-0.00788787335937	-0.0105398870339	0.0138317396878	-0.00683449284806	-0.0144079263998	0.0084079669032	-0.00501790537968	-0.00554060537126	-0.000309380503833	0.0015383619992	-0.00301312556729	3.19944130837e-09
FN60	0.318579750276	0.0441781427696	0.0401556383486	0.0115548924072	0.023631294555	0.126501415323	-0.00117857110192	-0.022006113095	-0.000726278932989	0.0328952104138	0.0192909121981	-0.00561321824869	0.00631822179002	-0.0330967367689	0.0348158793446	-0.0457980308046	-0.0144037621894	-0.0184467903066	0.0182079651172	-0.0306224363036	-0.0119194064224	0.0132753913055	0.0229439413867	0.0128404468818	-0.00483024103476	-0.00459169989416	-0.000783087035982	-0.00101731936371	-0.00404299208977	3.19944130837e-09


eigvals	1.27176286709	0.452830510508	0.252527351409	0.182242207439	0.112298845386	0.0822044230612	-0.0538308583424	0.0507020138641	0.0430672580022	0.0409406536513	-0.0324143718898	0.0297766335777	-0.0293487585044	0.0260715614464	0.0221006813369	-0.0195668678616	0.0140445364861	0.0125905834992	0.00999216040677	-0.00912684074792	-0.00732969143817	0.0064633584367	-0.00456898188913	0.00452504919701	-0.00386076334525	-0.00200984713789	0.00148336302197	-0.000767127265284	0.000594495178787	3.0709274057e-16
% variation explained	45.7626248328	16.2944785553	9.08684688131	6.55773335075	4.04091836895	2.95801227532	1.93702885852	1.82444172477	1.5497156125	1.4731927012	1.16638626459	1.07147090583	1.05607441411	0.938149018307	0.795262398943	0.704086631458	0.50537318772	0.453054703839	0.359554048791	0.328416719708	0.263748791623	0.232574998809	0.164408483272	0.162827626212	0.138924220158	0.072321564753	0.053376763249	0.0276040118396	0.0213920853768	1.10503068137e-14