Taxon	FN31	FN32	FN33	FN34	FN35	FN36	FN37	FN38	FN39	FN40	FN41	FN42	FN43	FN44	FN45	FN46	FN47	FN48	FN49	FN50	FN51	FN52	FN53	FN54	FN55	FN56	FN57	FN58	FN59	FN60
Unassigned;Other;Other;Other;Other;Other	0.116898230909	0.0589541285376	0.0473170276636	0.0723166583539	0.0657054132763	0.0580456234568	0.0747800501021	0.0128364776751	0.0455271872102	0.0317280993361	0.0548851943904	0.031885536025	0.0257322415149	0.0594538316379	0.0312344014458	0.0264176651063	0.0849777559736	0.0294926588415	0.0570117632134	0.167727291077	0.137373255508	0.0462736777007	0.0182178321587	0.000577648500285	0.0555480718975	0.0329928038169	0.0223872727191	0.0158319672622	0.079227380638	0.0869929870758
k__Bacteria;Other;Other;Other;Other;Other	6.85080195059e-06	0.0	1.10754849678e-05	4.99265829598e-07	0.0	0.0	0.0	0.0	0.0	6.08478539976e-06	4.29260084393e-06	0.0	0.0	0.0	1.91246641231e-06	0.0	0.0	2.9872465908e-05	0.0	0.0	0.0	2.34577839858e-05	1.04802578143e-06	1.20594676469e-06	1.53949536881e-06	9.29139198989e-07	0.0	7.47849185742e-07	0.0	6.84655300019e-06
k__Bacteria;p__Actinobacteria;c__Actinobacteria;o__Actinomycetales;Other;Other	0.0	0.0	0.0	0.0	0.0	0.0	0.0	0.0	0.0	0.0	0.0	0.0	0.0	0.0	0.0	0.0	0.0	0.0	0.0	0.0	0.0	0.0	0.0	0.0	0.0	0.0	0.0	0.0	1.31379975852e-06	0.0
k__Bacteria;p__Actinobacteria;c__Actinobacteria;o__Actinomycetales;f__;g__	0.0	0.0	0.0	0.0	0.0	0.0	0.0	0.0	0.0	0.0	0.0	0.0001479792829	0.0	0.0	0.0	0.0	0.0	0.0	0.0	0.0	0.0	0.0	0.0	0.0	0.0	0.0	0.0	0.0	0.0	0.0
k__Bacteria;p__Actinobacteria;c__Actinobacteria;o__Actinomycetales;f__Actinomycetaceae;Other	0.000680370268718	0.000671017118403	9.71234835638e-05	0.000874713733455	0.0	0.000827174554614	8.7455227782e-05	9.54952959017e-06	0.000830375163903	7.09891629972e-05	0.00105597980761	7.59893614894e-05	0.000560031751365	0.000791705528924	0.00251298086577	8.12951289585e-06	4.9059506952e-05	0.000264584698043	3.75896572058e-05	3.6699806592e-06	0.00022347093199	0.000288957248189	3.03927476616e-05	1.08535208822e-05	0.000118541143399	0.000209056319773	3.77083787378e-05	9.42289974035e-05	0.00207448981871	4.10793180012e-06
k__Bacteria;p__Actinobacteria;c__Actinobacteria;o__Actinomycetales;f__Actinomycetaceae;g__	0.000107900130722	3.66096920306e-05	1.36313661142e-05	1.14831140807e-05	3.81180847441e-05	1.03916401333e-05	0.000137984914945	0.0	0.000175772844914	2.02826179992e-06	1.50241029537e-05	1.39980402744e-05	0.0	5.42264060907e-06	0.000466641804603	1.78849283709e-05	2.4529753476e-05	1.92037280837e-05	9.39741430145e-06	1.8349903296e-06	0.000153998103392	6.39757745067e-05	1.04802578143e-05	1.20594676469e-06	1.53949536881e-06	1.39370879848e-05	2.55650025341e-06	2.99139674297e-06	1.57655971023e-05	0.0
k__Bacteria;p__Actinobacteria;c__Actinobacteria;o__Actinomycetales;f__Actinomycetaceae;g__Actinomyces	0.00367374254601	0.00934655071671	0.000415330686292	0.00563471415284	0.00955747444818	0.0070683936187	0.000965894404615	0.000867097286788	0.00377002446677	0.000695693797373	0.00344481217725	0.000383946247525	0.00205263811479	0.00584199148284	0.00781242529428	0.00223724194894	0.002412835751	0.00519140782531	0.00982029794502	0.000491777408333	0.00158629625298	0.00849491659158	0.00441952472031	0.000118182782939	0.00233387497912	0.00490213841387	0.00695559806447	0.00220690294712	0.00321158350971	0.000208819866506
k__Bacteria;p__Actinobacteria;c__Actinobacteria;o__Actinomycetales;f__Brevibacteriaceae;g__Brevibacterium	0.0	0.0	0.0	9.98531659195e-07	0.0	0.0	0.0	0.0	0.0	0.0	0.0	0.0	0.0	0.0	0.0	0.0	0.0	0.0	0.0	0.0	0.0	0.0	0.0	0.0	0.0	0.0	0.0	0.0	0.0	0.0
k__Bacteria;p__Actinobacteria;c__Actinobacteria;o__Actinomycetales;f__Corynebacteriaceae;g__Corynebacterium	0.00436652989326	0.00392879800265	5.02656625462e-05	2.54625573095e-05	0.000447252194331	0.000320062516107	1.16606970376e-05	0.0	0.00057378721788	4.05652359984e-05	7.51205147687e-05	9.99860019597e-06	0.00607269212133	1.08452812181e-05	0.00176520649856	1.46331232125e-05	2.22997758873e-05	0.0530022895111	2.81922429044e-05	3.48648162624e-05	0.000787358724108	0.000101294976302	5.97374695418e-05	3.61784029406e-06	0.00523120526323	2.04410623778e-05	1.15042511404e-05	9.64725449607e-05	6.83175874432e-05	2.73862120008e-06
k__Bacteria;p__Actinobacteria;c__Actinobacteria;o__Actinomycetales;f__Geodermatophilaceae;Other	0.0	0.0	0.0	0.0	0.0	0.0	0.0	0.0	0.0	4.05652359984e-06	0.0	0.0	0.0	0.0	0.0	0.0	0.0	0.0	0.0	0.0	0.0	0.0	0.0	0.0	0.0	0.0	0.0	0.0	0.0	0.0
k__Bacteria;p__Actinobacteria;c__Actinobacteria;o__Actinomycetales;f__Microbacteriaceae;g__Mycetocola	0.0	0.0	8.51960382138e-07	0.0	0.0	0.0	0.0	0.0	0.0	0.0	0.0	0.0	0.0	0.0	0.0	0.0	0.0	0.0	0.0	0.0	0.0	0.0	0.0	0.0	0.0	0.0	0.0	0.0	0.0	0.0
k__Bacteria;p__Actinobacteria;c__Actinobacteria;o__Actinomycetales;f__Micrococcaceae;Other	0.0	0.0	0.0	0.0	0.0	0.0	0.0	0.0	0.0	0.0	0.0	0.0	0.0	0.0	0.0	6.50361031668e-06	0.0	0.0	0.0	0.0	0.0	2.13252581689e-06	0.0	0.0	0.0	0.0	0.0	0.0	0.0	0.0
k__Bacteria;p__Actinobacteria;c__Actinobacteria;o__Actinomycetales;f__Micrococcaceae;g__Kocuria	0.0	0.0	3.02445935659e-05	0.0	0.0	0.0	0.0	0.0	0.0	0.0	0.0	0.0	0.0	0.0	3.82493282462e-06	0.0	0.0	0.0	0.0	0.0	0.0	0.0	0.0	0.0	0.0	0.0	0.0	0.0	0.0	0.0
k__Bacteria;p__Actinobacteria;c__Actinobacteria;o__Actinomycetales;f__Micrococcaceae;g__Micrococcus	0.0	0.0	8.51960382138e-07	9.98531659195e-07	0.0	0.0	0.0	0.0	4.84890606659e-05	0.0	0.0	0.0	0.0	0.0	0.0	1.62590257917e-06	0.0	0.0	0.0	0.0	0.0	0.0	0.0	1.32654144115e-05	0.0	0.0	0.0	0.0	1.97069963779e-06	0.0
k__Bacteria;p__Actinobacteria;c__Actinobacteria;o__Actinomycetales;f__Micrococcaceae;g__Nesterenkonia	3.85357609721e-06	0.0	0.0	0.0	0.0	0.0	0.0	0.0	0.0	0.0	0.0	0.0	0.0	0.0	0.0	0.0	0.0	0.0	0.0	0.0	0.0	0.0	0.0	0.0	0.0	0.0	0.0	0.0	0.0	0.0
k__Bacteria;p__Actinobacteria;c__Actinobacteria;o__Actinomycetales;f__Micrococcaceae;g__Rothia	0.0329848986916	0.0479066722609	0.0113063662314	0.0408424411902	0.0925532509644	0.0716503587194	0.0147974245407	0.0103726990408	0.0398842727752	0.00945169998763	0.0333942882653	0.0225328454016	0.00944018739149	0.00565400660839	0.0586285703357	0.0127454503181	0.0342301559869	0.0674434930301	0.123651177379	0.00613804265252	0.0879966004629	0.0716955179639	0.00639086121519	0.00237089133937	0.0121935730687	0.021852424821	0.0436068639475	0.0131875725414	0.0536411303408	0.034232765001
k__Bacteria;p__Actinobacteria;c__Actinobacteria;o__Actinomycetales;f__Propionibacteriaceae;g__	8.52068492605e-05	0.000294322655667	2.76887124195e-05	2.69603547983e-05	0.000155013544626	0.0	0.00014575871297	4.20179301968e-05	0.000121222651665	1.21695707995e-05	5.7950111393e-05	7.99888015678e-06	1.21746032906e-05	0.0	3.82493282462e-05	8.94246418543e-05	8.02791931941e-05	0.000138693591716	1.40961214522e-05	2.01848936256e-05	0.000461994310175	0.000189794797703	6.49775984489e-05	4.82378705874e-06	0.000103915937395	6.68980223272e-05	1.15042511404e-05	4.56188003303e-05	6.04347888921e-05	0.0
k__Bacteria;p__Actinobacteria;c__Actinobacteria;o__Actinomycetales;f__Propionibacteriaceae;g__Propionibacterium	0.0	0.0	4.25980191069e-07	0.0	0.0	0.0	0.0	0.0	0.0	4.05652359984e-06	0.0	0.0	0.0	0.0	0.0	0.0	0.0	6.40124269458e-06	0.0	0.0	0.0	0.0	0.0	0.0	1.53949536881e-06	0.0	0.0	0.0	7.22589867188e-06	0.0
k__Bacteria;p__Actinobacteria;c__Actinobacteria;o__Bifidobacteriales;f__Bifidobacteriaceae;Other	0.0	0.0	2.98186133748e-06	0.0	0.0	0.0	0.0	0.0	0.0	0.0	2.14630042196e-06	0.0	0.0	0.0	0.0	0.0	0.0	0.0	0.0	0.0	0.0	0.0	0.0	0.0	0.0	0.0	0.0	0.0	0.0	0.0
k__Bacteria;p__Actinobacteria;c__Actinobacteria;o__Bifidobacteriales;f__Bifidobacteriaceae;g__Bifidobacterium	0.0	0.0	0.0	0.0	0.0	0.0	0.0	0.0	0.0	3.44804505986e-05	0.000221068943462	2.99958005879e-05	0.0	0.0	2.29495969477e-05	0.0	0.0	0.000215508504051	0.0	0.0	0.0	0.000102361239211	0.0	7.23568058812e-06	0.000145482312353	5.94649087353e-05	5.11300050683e-06	7.47849185742e-07	9.85349818893e-06	0.0
k__Bacteria;p__Actinobacteria;c__Actinobacteria;o__Bifidobacteriales;f__Bifidobacteriaceae;g__Scardovia	3.46821848749e-05	9.82681207137e-05	2.51328312731e-05	1.44787090583e-05	0.00165940728919	0.0	5.05296871629e-05	0.000108864637328	0.0	8.92435191965e-05	6.65353130808e-05	1.99972003919e-05	0.0	0.000432003701856	8.41485221416e-05	0.000434115988638	0.000383556145261	0.000281654678562	2.34935357536e-06	5.5049709888e-06	0.000890410086528	0.0069946846794	1.04802578143e-06	1.68832547056e-05	3.23294027451e-05	1.76536447808e-05	6.64690065887e-05	1.64526820863e-05	9.91918817685e-05	6.84655300019e-07
k__Bacteria;p__Actinobacteria;c__Coriobacteriia;o__Coriobacteriales;f__Coriobacteriaceae;g__	0.0	0.0	1.70392076428e-06	1.29809115695e-05	0.0	4.15665605334e-06	3.88689901253e-06	0.0	0.0	8.11304719968e-06	6.0096411815e-05	0.0	0.0	0.000178947140099	0.0	0.0	0.0	0.0	0.0	0.0	0.0	1.81264694436e-05	0.0	0.0	0.0	1.85827839798e-06	0.0	0.0	3.94139927557e-06	0.0
k__Bacteria;p__Actinobacteria;c__Coriobacteriia;o__Coriobacteriales;f__Coriobacteriaceae;g__Atopobium	6.16572175554e-05	0.000130060748003	3.87641973873e-05	0.00014878121722	0.00052094715817	3.53315764534e-05	5.63600356817e-05	0.000315134476476	0.000256587946024	0.000162260943994	0.000201752239664	0.00014997900294	4.86984131622e-06	0.000576607451431	0.000898859213785	8.12951289585e-05	0.000359026391785	0.00230017987492	1.87948286029e-05	2.20198839552e-05	0.000149366581485	0.00149703312346	8.59381140776e-05	2.05010949997e-05	7.3895777703e-05	0.000249938444528	0.000347684034464	0.000366446101013	0.0010293621108	6.84655300019e-06
k__Bacteria;p__Bacteroidetes;c__Bacteroidia;o__Bacteroidales;f__;g__	6.16572175554e-05	0.000285170232659	3.45043954766e-05	8.9368583498e-05	2.54120564961e-06	9.35247612001e-05	0.000143815263464	0.000185260874049	0.000204058130302	0.00102427220896	0.000281165355277	0.000761893334933	0.000482114290306	0.00515331612549	0.00147833653671	0.000437367793797	0.000113728857025	0.00139973840255	0.0	6.78946421952e-05	0.00020262908341	0.00163884609028	3.56328765688e-05	2.65308288231e-05	0.000146252060037	0.00101833656209	6.96646319055e-05	0.000989404472736	0.00025816165255	1.36931060004e-06
k__Bacteria;p__Bacteroidetes;c__Bacteroidia;o__Bacteroidales;f__BS11;g__	0.0	0.0	0.0	0.0	0.0	0.0	0.0	0.0	0.0	0.0	0.000199605939243	0.0	0.000104701588299	0.0	0.0	0.0	0.0	0.0	0.0	0.0	0.0	1.59939436267e-05	0.0	2.41189352937e-05	7.54352730718e-05	0.0	0.0	1.64526820863e-05	0.000891413136158	0.0
k__Bacteria;p__Bacteroidetes;c__Bacteroidia;o__Bacteroidales;f__Bacteroidaceae;g__Bacteroides	0.0	0.0	0.0	0.000125814989059	0.0	5.40365286934e-05	6.99641822256e-05	0.0	0.0	0.0	2.36093046416e-05	0.0	0.000158269842777	0.0	0.000185509241994	0.0	3.56796414196e-05	0.000591048075466	0.0	0.0	0.0	0.000119421445746	0.0	0.0	0.00029866210155	2.88033151687e-05	0.0	7.47849185742e-07	8.40831845455e-05	0.0
k__Bacteria;p__Bacteroidetes;c__Bacteroidia;o__Bacteroidales;f__Porphyromonadaceae;g__Paludibacter	0.000104902904868	0.000599242853764	7.4120553246e-05	0.000340998561615	2.54120564961e-06	0.000160031258054	0.00228355316986	0.00020435993323	2.82852853884e-05	4.25934977983e-05	0.000115900222786	2.99958005879e-05	6.08730164528e-05	0.0014966488081	0.0004972412672	3.25180515834e-05	0.000390246078027	0.00068920046345	7.51793144116e-05	0.000132119303731	0.000375153274428	0.000125819023197	0.0007451463306	4.58259770581e-05	6.15798147525e-05	0.000288033151687	4.66561296248e-05	0.0011225216278	0.000151743872109	1.36931060004e-06
k__Bacteria;p__Bacteroidetes;c__Bacteroidia;o__Bacteroidales;f__Porphyromonadaceae;g__Porphyromonas	0.0170096848931	0.0481301840649	0.0245509423321	0.0198163600426	0.00213207154002	0.115476061818	0.0492236890947	0.0681607224028	0.0305137618015	0.016321422704	0.00980859292837	0.00860279560861	0.123060890061	0.062434476426	0.0330110827429	0.0649759447713	0.0616098208213	0.031515451533	0.000627277404622	0.0496346534254	0.00598624206418	0.00531638686151	0.00409673277963	0.0112961033448	0.174609564731	0.0572470534673	0.0320987780568	0.168622043004	0.0257379941694	0.016277679758
k__Bacteria;p__Bacteroidetes;c__Bacteroidia;o__Bacteroidales;f__Porphyromonadaceae;g__Tannerella	0.000184543477544	0.000280834874393	0.000156334730122	0.000360469928969	2.54120564961e-06	0.000110151385413	0.0018909763696	7.25764248853e-05	0.000212139640413	0.000411737145384	0.000294043157809	9.99860019597e-05	0.00021914285923	0.00236788639929	0.00157969725657	3.57698567417e-05	0.000323346750365	0.00265864946582	0.000105720910891	2.7524854944e-05	0.000712096493127	0.000903124683453	0.000187596614877	6.39151785284e-05	9.31394698132e-05	0.000543546431409	0.00012015551191	0.00264289902241	0.000961701423239	0.000240998665607
k__Bacteria;p__Bacteroidetes;c__Bacteroidia;o__Bacteroidales;f__Prevotellaceae;g__Prevotella	0.0989183011895	0.143752291116	0.0689427640236	0.135725415776	0.241569550257	0.0588208398108	0.174881303821	0.490817172346	0.301410021477	0.301355081709	0.0928425173528	0.481418601396	0.169112544468	0.202259072078	0.289918433308	0.568438304314	0.0411163267809	0.160263645849	0.118193629023	0.219905241099	0.0710185990341	0.308165974484	0.340335892263	0.270458886863	0.0944341854184	0.368514259964	0.38658629882	0.114224241083	0.163115465919	0.0175696243091
k__Bacteria;p__Bacteroidetes;c__Bacteroidia;o__Bacteroidales;f__[Paraprevotellaceae];g__	4.28175121912e-06	0.0	3.40784152855e-06	3.79442030494e-05	2.54120564961e-06	4.15665605334e-06	5.8303485188e-06	0.0	0.0	1.82543561993e-05	4.93649097051e-05	1.99972003919e-05	0.0	2.16905624363e-05	0.000152997312985	1.78849283709e-05	6.68993276618e-06	2.77387183432e-05	0.0	1.8349903296e-05	6.94728285978e-06	8.8499821401e-05	0.0	0.0	7.69747684407e-07	4.64569599495e-06	1.27825012671e-06	0.0	0.000120869577784	0.0
k__Bacteria;p__Bacteroidetes;c__Bacteroidia;o__Bacteroidales;f__[Paraprevotellaceae];g__[Prevotella]	0.00619184043797	0.00585032512778	0.00436885283961	0.0103662564199	0.0142688697226	0.000646360016294	0.00346711391918	0.00290114708949	0.0690039740826	0.00774187529029	0.00200464459411	0.0457036014958	0.0193284001841	0.00957096067501	0.0470332864779	0.00200473788012	0.00144056552232	0.0051252616508	0.00258898764005	0.0022129983375	0.00336016914318	0.00233085071786	0.0122818141326	0.000354548348818	0.00346925281362	0.00576995442572	0.0078113865243	0.0502285427112	0.0249812455084	0.000657953743319
k__Bacteria;p__Bacteroidetes;c__Cytophagia;o__Cytophagales;f__Cytophagaceae;g__	0.0	0.0	0.0	0.0	0.0	0.0	0.0	0.0	4.04075505549e-06	0.0	0.0	0.0	0.0	0.0	0.0	0.0	0.0	0.0	0.0	0.0	0.0	0.0	0.0	0.0	0.0	0.0	0.0	0.0	0.0	0.0
k__Bacteria;p__Bacteroidetes;c__Flavobacteriia;o__Flavobacteriales;Other;Other	4.28175121912e-06	0.0	0.0	0.0	0.0	0.0	0.0	0.0	0.0	0.0	0.0	0.0	0.0	0.0	0.0	0.0	0.0	0.0	0.0	0.0	0.0	3.73192017956e-05	0.0	0.0	1.46252060037e-05	0.0	0.0	2.24354755723e-06	0.0	0.0
k__Bacteria;p__Bacteroidetes;c__Flavobacteriia;o__Flavobacteriales;f__Flavobacteriaceae;g__Capnocytophaga	0.00359067657236	0.00235650807123	0.000714794760614	0.00242044074189	0.00481812591166	0.000114308041467	0.00441357382873	0.00043736845523	0.00286489533434	0.000935028689763	0.00140797307681	0.000179974803528	0.00159487303106	0.00300233535056	0.0031230576513	0.000382087106105	0.00392476055616	0.00264584698043	0.000382944632784	0.000592701876461	0.00218839410083	0.00116755788475	0.00100296067283	0.00114323753292	0.00151101470449	0.000639247768904	0.000887105587934	0.00451102628839	0.00489193340086	0.00112283469203
k__Bacteria;p__Bacteroidetes;c__Flavobacteriia;o__Flavobacteriales;f__Flavobacteriaceae;g__Myroides	0.0	0.0	0.0	0.0	0.0	0.0	0.0	0.0	0.0	0.0	0.0	0.0	0.0	0.0	0.0	4.87770773751e-06	0.0	0.0	0.0	0.0	0.0	1.06626290845e-06	0.0	0.0	0.0	0.0	0.0	0.0	0.0	0.0
k__Bacteria;p__Bacteroidetes;c__Flavobacteriia;o__Flavobacteriales;f__[Weeksellaceae];g__	0.000532221676537	0.000800114453458	0.00137037827467	0.00171447885884	0.000271909004508	0.00144859463459	0.00204256543109	0.000187170779967	0.00057378721788	0.000642958990575	0.000487210195786	0.000177975083488	0.000494288893596	0.000540456514037	0.000552702793157	0.000104057765067	0.00113505859266	0.00127384729622	0.00022788729681	0.000471592514707	0.000668097035015	0.000882865688193	0.000510388555558	0.000529410629697	0.00207293051411	0.00063460207291	0.00329021582614	0.00213211802855	0.000571502894958	0.000872935507525
k__Bacteria;p__Bacteroidetes;c__Flavobacteriia;o__Flavobacteriales;f__[Weeksellaceae];g__Chryseobacterium	0.0	0.0	4.25980191069e-07	9.98531659195e-07	0.0	0.0	0.0	0.0	4.04075505549e-06	2.02826179992e-06	0.0	0.0	0.0	0.0	0.0	0.0	0.0	4.26749512972e-06	0.0	0.0	0.0	0.0	0.0	0.0	0.0	0.0	0.0	0.0	0.0	0.0
k__Bacteria;p__Bacteroidetes;c__Flavobacteriia;o__Flavobacteriales;f__[Weeksellaceae];g__Wautersiella	0.0	0.0	4.25980191069e-07	0.0	0.0	0.0	0.0	0.0	0.0	0.0	0.0	0.0	0.0	0.0	0.0	0.0	0.0	0.0	0.0	0.0	0.0	0.0	0.0	0.0	0.0	0.0	0.0	0.0	0.0	3.4232765001e-06
k__Bacteria;p__Chlorobi;c__OPB56;o__;f__;g__	0.0	0.0	0.0	0.0	0.0	0.0	0.0	0.0	0.0	0.0	1.93167037977e-05	0.0	1.21746032906e-05	0.0	0.0	0.0	0.0	0.0	0.0	0.0	0.0	0.0	0.0	1.20594676469e-06	0.0	0.0	0.0	0.0	1.31379975852e-06	0.0
k__Bacteria;p__Chloroflexi;c__Anaerolineae;o__Anaerolineales;f__Anaerolinaceae;g__SHD-231	0.0	0.0	0.0	9.98531659195e-07	0.0	0.0	3.88689901253e-06	0.0	0.0	0.0	0.0	0.0	0.0	0.0	0.0	0.0	0.0	0.0	0.0	0.0	0.0	0.0	0.0	1.20594676469e-06	0.0	0.0	0.0	0.0	0.0	0.0
k__Bacteria;p__Cyanobacteria;c__Chloroplast;o__Streptophyta;f__;g__	1.15607282916e-05	4.04633438233e-05	0.00209965636178	1.09838482511e-05	2.54120564961e-06	2.07832802667e-06	3.10951921003e-05	4.39278361148e-05	0.0	1.62260943994e-05	1.93167037977e-05	1.99972003919e-06	0.0	6.14565935695e-05	2.10371305354e-05	8.94246418543e-05	1.11498879436e-05	8.74836501593e-05	4.69870715073e-05	0.00100190471996	3.47364142989e-05	0.0035474566964	4.19210312574e-06	8.4416273528e-06	1.53949536881e-06	0.0	1.91737519006e-06	1.49569837148e-06	0.004200217828	6.16189770017e-06
k__Bacteria;p__Firmicutes;c__Bacilli;Other;Other;Other	0.0	0.0	4.25980191069e-07	0.0	0.0	0.0	3.88689901253e-06	0.0	0.0	0.0	0.0	0.0	0.0	1.80754686969e-06	0.0	0.0	0.0	0.0	0.0	0.0	0.0	0.0	1.04802578143e-06	0.0	7.69747684407e-07	9.29139198989e-07	0.0	0.0	0.0	0.0
k__Bacteria;p__Firmicutes;c__Bacilli;o__Bacillales;Other;Other	8.56350243824e-07	0.0	1.95950887892e-05	2.49632914799e-06	2.54120564961e-06	0.0	9.71724753133e-06	0.0	3.23260404439e-05	1.01413089996e-05	1.50241029537e-05	3.99944007839e-06	0.0	0.0	1.91246641231e-06	8.12951289585e-06	0.0	0.000106687378243	4.69870715073e-06	7.3399613184e-06	1.15788047663e-06	8.53010326756e-06	0.0	1.20594676469e-06	4.61848610644e-06	7.43311359191e-06	2.55650025341e-06	8.9741902289e-06	3.0217394446e-05	5.47724240016e-06
k__Bacteria;p__Firmicutes;c__Bacilli;o__Bacillales;f__Bacillaceae;g__Anoxybacillus	0.0	0.0	0.0	0.0	0.0	0.0	0.0	0.0	0.0	0.0	0.0	0.0	0.0	0.0	0.0	0.0	0.0	0.0	0.0	0.0	0.0	0.0	2.09605156287e-06	0.0	0.0	0.0	0.0	0.0	0.0	0.0
k__Bacteria;p__Firmicutes;c__Bacilli;o__Bacillales;f__Bacillaceae;g__Bacillus	4.28175121912e-07	1.44511942226e-06	4.68578210176e-06	4.99265829598e-07	0.0	0.0	0.0	0.0	0.0	0.0	2.14630042196e-06	0.0	0.0	0.0	1.33872648862e-05	0.0	0.0	0.000115222368502	0.0	0.0	0.0	2.8789098528e-05	0.0	1.20594676469e-06	0.0	0.0	0.0	0.0	0.0	0.0
k__Bacteria;p__Firmicutes;c__Bacilli;o__Bacillales;f__Staphylococcaceae;g__Salinicoccus	0.0	0.0	0.0	0.0	0.0	0.0	0.0	0.0	0.0	4.05652359984e-06	0.0	0.0	0.0	3.61509373938e-06	0.0	0.0	0.0	0.0	0.0	0.0	0.0	0.0	0.0	0.0	0.0	0.0	0.0	0.0	0.0	0.0
k__Bacteria;p__Firmicutes;c__Bacilli;o__Bacillales;f__[Exiguobacteraceae];g__Exiguobacterium	0.0	0.0	0.0	0.0	0.0	0.0	0.0	0.0	0.0	0.0	0.0	0.0	0.0	0.0	0.0	0.0	0.0	0.0	0.0	0.0	0.0	0.0	0.0	0.0	0.0	0.0	0.0	0.0	0.0	1.36931060004e-06
k__Bacteria;p__Firmicutes;c__Bacilli;o__Gemellales;f__Gemellaceae;g__	0.00520917853318	0.0129410444263	0.0272035209819	0.0156315138589	0.00663254674548	0.0211095777669	0.0276105871355	0.0286581383001	0.0351788135131	0.0163335922748	0.0320034855919	0.0282940388346	0.0615401847131	0.029475666804	0.00762691605229	0.0551034643106	0.129497028555	0.013323119795	0.00286151265479	0.0279377277682	0.024650117467	0.0193878584643	0.00741478240365	0.0104688238642	0.0765760391401	0.030322457759	0.019601965693	0.0379683031601	0.0177592882358	0.0274471463225
k__Bacteria;p__Firmicutes;c__Bacilli;o__Gemellales;f__Gemellaceae;g__Gemella	1.71270048765e-06	7.2255971113e-06	0.0	0.0	0.0	0.0	1.74910455564e-05	0.0	2.02037752774e-06	0.0	2.14630042196e-06	0.0	9.73968263244e-06	0.0	0.0	0.0	0.0	0.0	0.0	0.0	0.0	5.33131454223e-06	0.0	0.0	4.61848610644e-06	9.29139198989e-07	2.55650025341e-06	2.99139674297e-06	1.57655971023e-05	0.0
k__Bacteria;p__Firmicutes;c__Bacilli;o__Lactobacillales;f__Aerococcaceae;Other	4.28175121912e-07	0.0	0.0	4.99265829598e-07	2.54120564961e-06	0.0	7.77379802507e-06	5.7297177541e-06	2.02037752774e-06	0.0	0.0	0.0	0.0	0.0	0.0	0.0	0.0	0.0	0.0	1.8349903296e-06	0.0	1.06626290845e-06	0.0	0.0	7.69747684407e-07	9.29139198989e-07	4.47387544347e-06	0.0	0.0	0.0
k__Bacteria;p__Firmicutes;c__Bacilli;o__Lactobacillales;f__Aerococcaceae;g__	0.0018505728769	0.000281798287341	0.000641952147941	0.00168252584574	0.00150947615587	0.0175930467458	0.00963173575306	0.0061842753626	0.00662481791348	0.000815361243568	0.000100876119832	5.39924410583e-05	0.0036791651144	0.000225943358711	0.0	1.62590257917e-06	0.000162788363977	4.26749512972e-06	2.34935357536e-06	0.00745006073818	0.00276501857819	0.00071332988575	0.000804883800141	3.01486691172e-05	0.00573231100578	0.00223457977357	0.00779349102253	0.000799450779558	0.00742888073457	1.64317272005e-05
k__Bacteria;p__Firmicutes;c__Bacilli;o__Lactobacillales;f__Aerococcaceae;g__Abiotrophia	0.0	0.0	0.0	9.98531659195e-07	0.0	0.0	0.0	0.0	0.0	0.0	0.0	0.0	0.0	0.0	0.0	0.0	0.0	0.0	0.0	0.0	0.0	0.0	0.0	0.0	0.0	0.0	6.39125063353e-07	0.0	1.31379975852e-06	0.0
k__Bacteria;p__Firmicutes;c__Bacilli;o__Lactobacillales;f__Carnobacteriaceae;g__Granulicatella	0.000519376422879	0.000257231257162	0.00120935776245	0.00154922186924	0.000363392407894	0.000396960653094	0.00421145508008	0.000620719423361	0.00200017375247	0.00126969188675	0.0013779248709	9.79862819205e-05	0.00171905398463	0.00520935007845	0.000743949434388	0.000931642177864	0.00328475698819	0.00195878026454	0.000251380832564	0.00091933015513	0.00231112943135	0.00106732917135	0.000132051248461	4.82378705874e-06	0.00497872802274	0.000184898700599	0.00160228653383	9.12376006605e-05	0.000648360180831	0.00105368450673
k__Bacteria;p__Firmicutes;c__Bacilli;o__Lactobacillales;f__Lactobacillaceae;g__	2.14087560956e-06	0.0	0.0	0.0	0.0	0.0	0.0	0.0	0.0	0.0	0.0	0.0	0.0	0.0	0.0	0.000133324011492	0.0	0.000138693591716	0.0	1.8349903296e-06	1.15788047663e-06	2.55903098027e-05	0.0	0.0	0.0	0.0	0.0	0.0	0.0	0.0
k__Bacteria;p__Firmicutes;c__Bacilli;o__Lactobacillales;f__Lactobacillaceae;g__Lactobacillus	7.27897707251e-06	2.40853237043e-06	0.0002909444705	0.0	0.0016238304101	1.870495224e-05	2.72082930877e-05	0.000112684449164	0.0	0.000545602424179	0.000399211878485	1.99972003919e-06	5.35682544784e-05	0.00338011264632	0.0	7.31656160626e-05	0.0	1.28024853892e-05	0.00139081731662	9.174951648e-06	0.000204944844363	0.0110486162573	0.00249534938559	2.65308288231e-05	9.23697221288e-06	3.71655679596e-06	6.39125063353e-07	0.0	0.000258818552429	3.4917420301e-05
k__Bacteria;p__Firmicutes;c__Bacilli;o__Lactobacillales;f__Leuconostocaceae;Other	0.0	0.0	0.0	9.98531659195e-07	0.0	0.0	0.0	0.0	2.22241528052e-05	0.0	0.0	0.0	0.0	0.0	0.0	4.87770773751e-06	0.0	0.000113088620938	3.05415964797e-05	1.10099419776e-05	0.0	0.00130297327412	0.0	0.0	7.69747684407e-07	9.29139198989e-07	0.0	0.0	0.0	0.0
k__Bacteria;p__Firmicutes;c__Bacilli;o__Lactobacillales;f__Leuconostocaceae;g__	0.0	0.0	0.0	0.0	0.0	0.0	0.0	0.0	0.0	0.0	0.0	0.0	0.0	0.0	0.0	0.0	0.0	4.26749512972e-06	0.0	1.8349903296e-06	0.0	3.94517276125e-05	0.0	0.0	0.0	0.0	0.0	0.0	0.0	0.0
k__Bacteria;p__Firmicutes;c__Bacilli;o__Lactobacillales;f__Leuconostocaceae;g__Leuconostoc	0.0	0.0	0.0	0.0	0.0	0.0	0.0	0.0	0.0	6.08478539976e-06	0.0	0.0	0.0	0.0	0.0	3.25180515834e-06	0.0	0.0	0.0	1.8349903296e-06	0.0	2.13252581689e-06	0.0	0.0	0.0	0.0	0.0	0.0	0.0	0.0
k__Bacteria;p__Firmicutes;c__Bacilli;o__Lactobacillales;f__Leuconostocaceae;g__Weissella	0.0	0.0	0.0	0.0	0.0	0.0	0.0	0.0	0.0	0.0	0.0	0.0	0.0	0.0	0.0	1.62590257917e-06	0.0	8.53499025944e-06	0.0	7.3399613184e-06	0.0	7.46384035912e-06	0.0	0.0	0.0	0.0	0.0	0.0	0.0	0.0
k__Bacteria;p__Firmicutes;c__Bacilli;o__Lactobacillales;f__Streptococcaceae;g__Lactococcus	0.0	0.0	0.0	0.0	0.0	0.0	0.0	0.0	0.0	0.0	0.0	0.0	0.0	0.0	0.0	6.66620057459e-05	0.0	7.89486598998e-05	0.0	0.0	4.63152190652e-06	3.41204130703e-05	2.09605156287e-06	0.0	0.0	0.0	0.0	0.0	0.0	0.0
k__Bacteria;p__Firmicutes;c__Bacilli;o__Lactobacillales;f__Streptococcaceae;g__Streptococcus	0.371658146695	0.495450523205	0.543882562373	0.419952459908	0.376863339043	0.227936469669	0.501322517389	0.298785681817	0.199544606905	0.435682804194	0.18194403307	0.137148799168	0.131018210772	0.317347388818	0.263415473766	0.145610957283	0.521747856434	0.357492334512	0.533420729286	0.379861348131	0.574623659898	0.373668637476	0.445774622056	0.21435824337	0.387811199367	0.0912015163552	0.210752767891	0.131600516913	0.365439314932	0.506373798516
k__Bacteria;p__Firmicutes;c__Clostridia;o__Clostridiales;Other;Other	1.58424795107e-05	1.58963136449e-05	4.68578210176e-06	5.74155704037e-05	0.0	4.15665605334e-06	7.77379802507e-06	7.63962367214e-06	0.0	5.0706544998e-05	3.43408067514e-05	8.39882416462e-05	1.46095239487e-05	0.000285592405411	5.92864587816e-05	0.000190230601763	3.79096190083e-05	0.000898307724806	1.17467678768e-05	1.8349903296e-06	1.27366852429e-05	0.000306017454724	0.0	1.20594676469e-06	1.23159629505e-05	8.7339084705e-05	1.72563767105e-05	0.000117412322161	3.0217394446e-05	0.0
k__Bacteria;p__Firmicutes;c__Clostridia;o__Clostridiales;f__;g__	0.0034939089948	0.00122016249886	7.45465334371e-05	0.00928334883554	0.0	0.000964344204374	0.000658829382624	0.00450164824881	0.00204664243561	0.00191467913912	0.00131782845909	0.000689903413522	0.00350385082702	0.00646921024662	0.00151084846572	0.0108789141572	0.00010480894667	0.0146887182365	0.000834020519254	0.000363328085261	0.0024523908495	0.00169642428734	0.000125763093772	0.00103832016439	0.00101221820499	0.00529237687744	0.00547282791749	0.00101109209912	0.00310779332879	0.0037094624155
k__Bacteria;p__Firmicutes;c__Clostridia;o__Clostridiales;f__Christensenellaceae;g__Christensenella	0.0	0.0	0.0	3.99412663678e-06	0.0	0.0	1.94344950627e-06	0.0	0.0	0.0	4.29260084393e-06	0.0	0.0	0.0	0.0	1.62590257917e-06	0.0	0.0	0.0	0.0	0.0	6.39757745067e-06	0.0	0.0	0.0	0.0	0.0	0.0	0.0	0.0
k__Bacteria;p__Firmicutes;c__Clostridia;o__Clostridiales;f__Clostridiaceae;g__	0.0	0.0	3.40784152855e-06	0.0	0.0	0.0	0.0	0.0	0.0	0.0	0.0	0.0	2.67841272392e-05	0.0	0.0	0.0	0.0	0.0	0.0	0.0	0.0	0.0	0.0	0.0	1.53949536881e-05	0.0	0.0	4.11317052158e-05	6.56899879262e-05	0.0
k__Bacteria;p__Firmicutes;c__Clostridia;o__Clostridiales;f__Clostridiaceae;g__Clostridium	0.0	0.0	0.0	4.99265829598e-07	0.0	0.0	1.94344950627e-06	0.0	0.0	0.0	0.0	0.0	0.0	0.0	3.82493282462e-06	0.0	0.0	2.13374756486e-06	0.0	0.0	0.0	0.0	0.0	0.0	0.0	0.0	0.0	0.0	0.0	0.0
k__Bacteria;p__Firmicutes;c__Clostridia;o__Clostridiales;f__Eubacteriaceae;g__Pseudoramibacter_Eubacterium	0.0	0.0	4.25980191069e-07	0.0	0.0	0.0	3.88689901253e-06	0.0	0.0	4.66500213982e-05	4.29260084393e-06	0.0	0.0	0.00017713959323	2.67745297723e-05	0.0	0.0	6.40124269458e-06	0.0	0.0	2.31576095326e-06	4.26505163378e-06	1.04802578143e-06	0.0	1.53949536881e-06	0.0	6.39125063353e-07	1.27134361576e-05	1.37948974645e-05	0.0
k__Bacteria;p__Firmicutes;c__Clostridia;o__Clostridiales;f__Lachnospiraceae;Other	0.00114408392575	0.00148558276608	0.0019411917307	0.00359671103642	7.36949638386e-05	0.00830292046654	7.57945307444e-05	0.00168262711379	0.00402257165774	0.000918802595364	0.000156679930803	0.00416541684164	0.000625774609134	0.000912811169194	0.00584067242319	0.000947901203656	2.22997758873e-06	0.00235992480674	0.000686011244006	0.000541322147232	0.000325364413933	0.00123473244798	0.00133937694867	2.17070417643e-05	0.000491099022651	0.00479993310198	0.00064232068867	0.00169986119919	0.00206989151955	0.00497059747814
k__Bacteria;p__Firmicutes;c__Clostridia;o__Clostridiales;f__Lachnospiraceae;g__	0.000736461209689	0.00173462501319	0.00265130070921	0.00282834092467	1.2706028248e-05	0.0002805742836	0.00129628082068	0.000120324072836	0.00132132690315	0.00101818742356	0.00079842375697	0.00305757193993	0.000465069845699	0.0011387545279	0.00222993583675	0.000121942693438	0.000156098431211	0.00233645358352	0.00139786537734	9.72544874689e-05	0.00153534951201	0.000889263265643	0.00226792779102	1.56773079409e-05	0.000421821731055	0.00329472759962	0.00190395356373	0.0101213908798	0.00160086500576	0.00152678131904
k__Bacteria;p__Firmicutes;c__Clostridia;o__Clostridiales;f__Lachnospiraceae;g__Butyrivibrio	0.00017469544974	0.000199908186746	5.11176229283e-06	0.00355027931427	2.54120564961e-06	3.32532484267e-05	0.000340103663597	0.000164251908951	0.000593990993157	0.00025556098679	0.00010946132152	0.000139980402744	9.73968263244e-06	0.00029282259289	0.000415005211471	0.000164216160496	2.22997758873e-06	0.000358469590897	1.87948286029e-05	3.48648162624e-05	1.38945657196e-05	3.41204130703e-05	0.00326460030917	1.20594676469e-06	1.23159629505e-05	0.000118000678272	0.000601416684615	4.48709511445e-06	0.000242396055448	9.31131208026e-05
k__Bacteria;p__Firmicutes;c__Clostridia;o__Clostridiales;f__Lachnospiraceae;g__Catonella	0.000434169573619	0.00033237746712	0.000171670017001	0.00187224686099	0.000139766310728	0.00193908004888	0.000719076317319	7.63962367214e-05	0.00106069820207	0.000389426265585	0.000193167037977	0.00032195492631	0.00066960318098	0.00105018473129	0.000426480009945	2.60144412667e-05	9.58890363152e-05	0.00159817692608	0.000166804103851	5.5049709888e-06	0.000546519584969	0.000132216600647	0.0	0.0	0.000407196525051	0.00149684324957	9.26731341862e-05	0.00417075490888	0.00127832716504	0.00100507398043
k__Bacteria;p__Firmicutes;c__Clostridia;o__Clostridiales;f__Lachnospiraceae;g__Moryella	0.000466710882884	0.000921022778454	0.0037775923344	0.0118355957564	0.00395665719644	0.0034604161644	0.00131182841673	0.000626449141115	0.00231939340185	0.00159421377474	0.00100232229706	0.0068470414142	0.000228882541862	0.00224316566529	0.00499153733613	0.000269899828142	0.0	0.00151709451862	0.00197345700331	0.00059820684745	0.000247786421999	0.000625896327257	0.00205203448005	2.2912988529e-05	0.00024631925901	0.00567889878422	0.00346469696844	0.000764301867828	0.00525257143458	0.00202110244566
k__Bacteria;p__Firmicutes;c__Clostridia;o__Clostridiales;f__Lachnospiraceae;g__Oribacterium	0.00334704492799	0.00527709442362	0.00188368440491	0.0140258749509	0.0068078899353	0.000309670875974	0.00161889343872	0.00231098616082	0.0112312786767	0.00169562686473	0.00156894560845	0.00811286419901	0.000625774609134	0.00451705962736	0.0102412576379	0.00138039128971	0.000602093948956	0.0124141433324	0.0034230081593	0.000335803230317	0.00549993226399	0.00197152011772	0.00348573374905	0.000764570248811	0.00121312235062	0.0143951536099	0.0216075401418	0.00790626159166	0.00877027028802	0.0155765927307
k__Bacteria;p__Firmicutes;c__Clostridia;o__Clostridiales;f__Lachnospiraceae;g__Shuttleworthia	2.14087560956e-05	4.09450502974e-05	3.49303756677e-05	0.000373950106369	2.54120564961e-05	8.31331210668e-06	0.000342047113103	3.05584946886e-05	0.000218200772996	6.08478539976e-05	0.000171704033757	0.000233967244586	4.86984131622e-06	0.000728441388485	0.00113218011609	0.000289410659092	0.0	0.000326463377424	9.39741430145e-06	0.00135972783423	0.0002130500077	0.000711197359933	0.0	0.0	1.07764675817e-05	0.000406962969157	7.6055882539e-05	0.000141343496105	0.0012067250782	3.4232765001e-06
k__Bacteria;p__Firmicutes;c__Clostridia;o__Clostridiales;f__Lachnospiraceae;g__[Ruminococcus]	0.0	0.0	0.0	0.0	0.0	0.0	0.0	0.0	0.0	0.0	0.0	0.0	0.0	0.0	0.0	0.0	0.0	4.26749512972e-06	0.0	0.0	0.0	0.0	0.0	0.0	0.0	0.0	0.0	0.0	0.0	0.0
k__Bacteria;p__Firmicutes;c__Clostridia;o__Clostridiales;f__Peptococcaceae;g__Peptococcus	0.0	4.33535826678e-06	0.0	0.0	0.0	0.0	7.77379802507e-06	0.0	4.04075505549e-06	2.02826179992e-06	2.14630042196e-06	0.0	9.73968263244e-06	0.0	0.0	8.12951289585e-06	0.0	4.26749512972e-06	0.0	1.8349903296e-06	2.31576095326e-06	9.59636617601e-06	0.0	0.0	8.46722452847e-06	1.48662271838e-05	6.39125063353e-07	5.98279348593e-06	0.0	0.0
k__Bacteria;p__Firmicutes;c__Clostridia;o__Clostridiales;f__Peptostreptococcaceae;g__	1.4557954145e-05	0.000266865386644	8.09362363031e-06	1.64757723767e-05	7.62361694883e-06	0.0	0.000499466523111	1.90990591803e-06	1.01018876387e-05	5.88195921977e-05	1.71704033757e-05	8.39882416462e-05	0.000209403176597	0.000155449030793	0.000154909779397	0.0	0.0	0.00015362982467	0.0	1.8349903296e-06	2.31576095326e-06	0.000169535802443	0.0	4.94438173521e-05	0.000250167997432	0.000172819891012	3.96257539279e-05	0.000413560599715	0.000125467876939	1.30084507004e-05
k__Bacteria;p__Firmicutes;c__Clostridia;o__Clostridiales;f__Peptostreptococcaceae;g__Filifactor	0.000291587258022	0.000291432416823	0.0	0.0	0.0	6.02715127734e-05	0.000159362859514	8.02160485574e-05	0.000731376665044	0.000602393754576	0.000804862658236	0.00101985721999	0.00234482859376	0.00953842483136	0.00271378983907	4.71511747959e-05	0.000452685450511	0.00597876067674	9.39741430145e-06	1.8349903296e-06	2.31576095326e-06	0.000927648730347	0.0	1.56773079409e-05	0.00120850386452	0.00434186747688	0.000538782428407	0.0136392734496	0.000871049239901	1.84856931005e-05
k__Bacteria;p__Firmicutes;c__Clostridia;o__Clostridiales;f__Peptostreptococcaceae;g__Peptostreptococcus	0.000500108542393	0.00104048598403	2.55588114641e-05	0.000586138083948	1.52472338977e-05	3.94882325067e-05	0.00103974548585	0.016963784364	0.00247092171643	0.000285984913789	0.000257556050636	0.0014897914292	0.0044120762325	0.000869430044321	0.000998307467225	0.00754093616219	0.00129338700146	0.00262237575721	0.00074474508339	0.000756016015796	0.00569445618407	0.00395050407579	0.000937983074384	7.71805929399e-05	0.000760510712194	0.0152035047131	0.00766886163518	0.00726535483948	0.00148459372713	0.000419009043612
k__Bacteria;p__Firmicutes;c__Clostridia;o__Clostridiales;f__Ruminococcaceae;g__Oscillospira	0.0	0.0	0.0	0.0	0.0	0.0	0.0	0.0	0.0	0.0	8.58520168785e-06	0.0	0.0	0.0	5.16365931323e-05	0.0	0.0	0.0	0.0	0.0	0.0	5.65119341476e-05	0.0	0.0	7.69747684407e-07	0.0	0.0	0.0	7.88279855114e-06	0.0
k__Bacteria;p__Firmicutes;c__Clostridia;o__Clostridiales;f__Ruminococcaceae;g__Ruminococcus	0.0	0.0	0.0	0.0	2.54120564961e-06	0.0	0.0	0.0	0.0	0.0	1.07315021098e-05	0.0	9.73968263244e-06	0.000202445249405	9.56233206154e-06	8.12951289585e-06	0.0	0.0	0.0	0.0	0.0	1.17288919929e-05	0.0	3.61784029406e-06	2.30924305322e-06	0.0	1.59781265838e-05	2.6174721501e-05	7.48865862358e-05	0.0
k__Bacteria;p__Firmicutes;c__Clostridia;o__Clostridiales;f__Veillonellaceae;g__	4.4102037557e-05	2.84206819711e-05	6.38970286604e-06	0.0	0.0	2.07832802667e-06	3.88689901253e-06	0.0	2.02037752774e-06	1.62260943994e-05	0.000397065578063	7.99888015678e-06	0.0	0.000421158420638	0.000216108704591	0.0	0.0	2.9872465908e-05	0.0142911177989	5.68847002176e-05	5.78940238315e-05	0.0003156138209	0.0	0.000674124241459	9.23697221288e-06	0.000162599359823	2.36476273441e-05	0.0	0.000438152219468	0.0
k__Bacteria;p__Firmicutes;c__Clostridia;o__Clostridiales;f__Veillonellaceae;g__Acidaminococcus	0.0	0.0	0.0	0.0	0.0	0.0	0.0	0.0	0.0	6.08478539976e-06	1.50241029537e-05	0.0	0.0	0.0	0.0	0.0	0.0	0.0	0.0	0.0	0.0	3.19878872534e-06	0.0	0.0	0.0	1.85827839798e-06	0.0	0.0	1.70793968608e-05	0.0
k__Bacteria;p__Firmicutes;c__Clostridia;o__Clostridiales;f__Veillonellaceae;g__Dialister	0.000352816300456	0.000237962998199	5.92112465586e-05	0.00201703395157	0.000139766310728	7.48198089601e-05	0.000143815263464	0.00074868311987	0.0120111444024	0.00100804611456	0.000701840237982	0.000973863659088	0.000435850797802	0.00702593468249	0.0040238293315	0.000526792435651	1.56098431211e-05	0.0019246403035	7.7528667987e-05	0.000390852940205	0.000145892940055	0.00125179265451	4.19210312574e-06	0.00564262491197	0.000417972992633	0.0020245943146	0.000278019402559	0.00133790219329	0.00348813835888	4.58719051013e-05
k__Bacteria;p__Firmicutes;c__Clostridia;o__Clostridiales;f__Veillonellaceae;g__Megasphaera	0.00137529849158	0.00206748418678	0.00123832441544	0.0123987676122	0.00332643819534	0.00685640415998	0.00089009987387	0.000378161371771	0.00699454700105	0.0049732979334	0.0158225267107	0.0143439918411	0.000823003182441	0.0112266736076	0.0073802078851	0.00142103885419	0.0	0.00427176262485	0.00283097105831	0.0013450479116	0.00124008999047	0.00123366618507	0.00763801189509	0.0299400403269	0.000464927601382	0.0182464355897	0.0235242762068	4.78623478875e-05	0.0136017689	0.00171916945835
k__Bacteria;p__Firmicutes;c__Clostridia;o__Clostridiales;f__Veillonellaceae;g__Schwartzia	0.000156283919498	4.62438215123e-05	5.28215436926e-05	6.54038236773e-05	7.62361694883e-06	5.61148567201e-05	0.000355651259647	9.54952959017e-06	0.000381851352744	0.000103441351796	0.000186728136711	2.79960805487e-05	9.73968263244e-06	0.00177862611978	0.0010403817283	0.000178849283709	2.4529753476e-05	0.000674264230496	2.5842889329e-05	7.70695938432e-05	7.98937528875e-05	0.000433969003737	3.56328765688e-05	4.10021899993e-05	2.92504120074e-05	9.10556415009e-05	1.15042511404e-05	0.000309609562897	0.000374432931179	0.0
k__Bacteria;p__Firmicutes;c__Clostridia;o__Clostridiales;f__Veillonellaceae;g__Selenomonas	0.00171355683789	0.000430645587834	0.000242808708909	0.0019416448113	0.000442169783032	0.000164187914107	0.00146341747822	3.81981183607e-05	0.000583889105518	0.000630789419775	0.00133285256204	0.00125782390465	0.000265406351734	0.00426219551873	0.00572401197204	0.000687756790989	4.45995517745e-06	0.00399864293655	0.00331493789484	0.000710141257556	0.00042262637397	0.00142985856023	0.00164540047685	0.000892400605868	0.000227845314584	0.00196234198826	0.000212828646097	0.000345506323813	0.00234841706836	0.000269069532908
k__Bacteria;p__Firmicutes;c__Clostridia;o__Clostridiales;f__Veillonellaceae;g__Succiniclasticum	0.0	0.0	0.0	0.0	0.0	0.0	0.0	0.0	0.0	0.0	6.43890126589e-06	0.0	0.0	0.0	3.82493282462e-06	0.0	0.0	0.0	0.0	0.0	0.0	0.0	0.0	0.0	5.38823379085e-06	0.0	0.0	0.0	0.0	0.0
k__Bacteria;p__Firmicutes;c__Clostridia;o__Clostridiales;f__Veillonellaceae;g__Veillonella	0.0944571445943	0.0300522217989	0.0606229449118	0.10418928965	0.141690003405	0.0779996508409	0.0376407300374	0.0296703884367	0.0648682612833	0.0749828104812	0.106312698801	0.127750114984	0.0537021751146	0.053376859062	0.107230079272	0.051620780986	0.00816171797473	0.0318163099396	0.0490592013607	0.0677478429689	0.0201795409467	0.0587340260488	0.109368826473	0.0612271231899	0.0212304108836	0.0482306866803	0.0801865478235	0.0197020867984	0.0895728968365	0.0552633218517
k__Bacteria;p__Firmicutes;c__Clostridia;o__Clostridiales;f__[Acidaminobacteraceae];g__Fusibacter	0.0	0.0	0.0	0.0	0.0	0.0	0.0	0.0	0.0	0.0	0.0	0.0	2.43492065811e-06	0.0	0.0	0.0	0.0	0.0	0.0	0.0	0.0	0.0	0.0	0.0	0.0	0.0	0.0	0.0	5.91209891336e-06	0.0
k__Bacteria;p__Firmicutes;c__Clostridia;o__Clostridiales;f__[Mogibacteriaceae];g__	0.000757869965785	0.00282279993815	0.00048220957629	0.00394669638297	0.000617512972855	0.000222381098854	0.00131571531574	0.00105617797267	0.00309319799498	0.00115813748775	0.00103880940423	0.00378746975423	0.00354280955755	0.0181513856654	0.00220889870622	0.00561911931361	0.00158105411041	0.0226924053523	0.00119582096986	4.22047775808e-05	0.00416142243301	0.00435888276972	0.000302879450834	5.54735511756e-05	0.000401038543576	0.0101740742289	0.00252198749999	0.00696845871274	0.00645995341266	0.000677124091719
k__Bacteria;p__Firmicutes;c__Clostridia;o__Clostridiales;f__[Mogibacteriaceae];g__Mogibacterium	6.85080195059e-06	2.16767913339e-05	5.11176229283e-06	2.94566839463e-05	1.01648225984e-05	0.0	1.16606970376e-05	0.0	1.21222651665e-05	8.11304719968e-06	2.14630042196e-06	7.99888015678e-06	0.0	7.23018747876e-06	1.72121977108e-05	3.90216619001e-05	8.9199103549e-06	0.000170699805189	2.11441821783e-05	1.8349903296e-06	7.06307090744e-05	0.00010982507957	3.03927476616e-05	0.0	2.30924305322e-06	9.29139198989e-06	5.75212557018e-06	1.72005312721e-05	3.28449939631e-05	1.36931060004e-06
k__Bacteria;p__Firmicutes;c__Clostridia;o__Clostridiales;f__[Tissierellaceae];g__	8.13532731633e-06	0.0	2.55588114641e-06	9.48605076235e-06	0.0	2.07832802667e-05	9.71724753133e-06	0.0	0.0	3.04239269988e-05	1.71704033757e-05	1.19983202352e-05	2.92190478973e-05	6.50716873089e-05	6.11989251939e-05	0.000104057765067	0.0	6.61461745107e-05	0.0	2.20198839552e-05	1.50524461962e-05	9.06323472179e-05	0.0	1.32654144115e-05	2.77109166386e-05	2.50867583727e-05	2.55650025341e-06	5.38451413734e-05	5.58364897373e-05	0.0
k__Bacteria;p__Firmicutes;c__Clostridia;o__Clostridiales;f__[Tissierellaceae];g__Anaerococcus	0.0	0.0	0.0	0.0	0.0	0.0	0.0	0.0	0.0	0.0	0.0	0.0	0.0	0.0	0.0	0.0	0.0	0.0	0.0	0.0	0.0	2.13252581689e-06	0.0	0.0	0.0	0.0	0.0	0.0	0.0	0.0
k__Bacteria;p__Firmicutes;c__Clostridia;o__Clostridiales;f__[Tissierellaceae];g__Parvimonas	0.000366517904357	0.00131072331599	0.000344617974575	0.0026635832009	0.000231249714114	0.00216353947576	0.00704694790972	0.00370330757507	0.00270326513212	0.00100196132916	0.0021012281131	0.00115983762273	0.012982996949	0.019058774194	0.00287826195052	0.00596218475781	0.000776032200876	0.0330560172748	7.7528667987e-05	5.87196905472e-05	0.00192092371073	0.00338218594559	0.000381481384442	8.80341138221e-05	0.0271751722503	0.016351920763	0.00440676731182	0.0229851447238	0.00108913999982	0.000175956412105
k__Bacteria;p__Firmicutes;c__Clostridia;o__Clostridiales;f__[Tissierellaceae];g__Peptoniphilus	0.0	0.0	0.0	0.000131306913184	0.0	0.0	3.10951921003e-05	0.0	0.0	0.0	2.57556050636e-05	0.0	2.67841272392e-05	3.25358436544e-05	5.16365931323e-05	0.0	0.0	4.26749512972e-05	0.0	0.0	0.0	0.0	0.0	7.23568058812e-06	0.0	0.0	0.0	0.0	0.000258818552429	6.84655300019e-07
k__Bacteria;p__Firmicutes;c__Erysipelotrichi;o__Erysipelotrichales;f__Erysipelotrichaceae;g__Bulleidia	0.00841706654655	0.0112757851454	0.00176185407026	0.0103437894576	0.000404051698288	0.00412132447688	0.0057059677504	0.000173801438541	0.0163549560871	0.00346021463066	0.00175782004559	0.0152618633391	0.00410040638826	0.0114724999819	0.00225097296729	0.00517199610434	0.00314203842251	0.0398114620652	0.00517092721938	0.000541322147232	0.00395531970817	0.0157391067916	0.00234757775041	0.00503965152962	0.00316982096439	0.0116291062145	0.0073755032311	0.00495076160961	0.00285751447479	0.000587434247417
k__Bacteria;p__Firmicutes;c__Erysipelotrichi;o__Erysipelotrichales;f__Erysipelotrichaceae;g__Catenibacterium	0.0	0.0	0.0	0.0	0.0	0.0	0.0	0.0	0.0	0.0	0.0	0.0	0.0	0.0	0.0	0.0	0.0	0.0	0.0	0.0	0.0	0.0	0.0	0.0	0.0	0.0	0.0	0.0	1.31379975852e-06	0.0
k__Bacteria;p__Firmicutes;c__Erysipelotrichi;o__Erysipelotrichales;f__Erysipelotrichaceae;g__Sharpea	0.0	0.0	0.0	4.99265829598e-07	2.54120564961e-06	0.0	1.94344950627e-06	0.0	0.0	0.0	0.0	0.0	0.0	5.42264060907e-06	0.0	0.0	0.0	0.0	0.0	0.0	0.0	3.19878872534e-06	0.0	0.0	0.0	0.0	0.0	1.49569837148e-06	0.0	0.0
k__Bacteria;p__Firmicutes;c__Erysipelotrichi;o__Erysipelotrichales;f__Erysipelotrichaceae;g__[Eubacterium]	0.0	0.0	0.0	0.0	0.0	0.0	0.0	0.0	0.0	0.0	0.0	0.0	0.0	0.0	0.0	0.0	0.0	0.0	0.0	0.0	0.0	0.0	0.0	0.0	0.0	0.0	0.0	0.0	0.0	4.79258710014e-06
k__Bacteria;p__Fusobacteria;c__Fusobacteriia;o__Fusobacteriales;f__Fusobacteriaceae;g__Fusobacterium	0.0188799538256	0.00578673987321	0.00447066210527	0.0216152148266	0.00343571003827	0.0275565513056	0.00452046355158	0.00104089872533	0.0635166287172	0.0153093200658	0.0102700475191	0.0234027236187	0.0698505689192	0.0327889002162	0.0323455444314	0.000380461203526	0.00732324640137	0.0148978254979	0.0138987757519	0.00507374826135	0.00235281312851	0.00516071247688	0.00661304268085	0.0538214041079	0.0186825460482	0.10408310221	0.0232603175557	0.0717546336736	0.0355829526599	0.0499688824166
k__Bacteria;p__Fusobacteria;c__Fusobacteriia;o__Fusobacteriales;f__Leptotrichiaceae;g__	0.00481654194639	1.44511942226e-06	0.0	0.0	0.0	0.0	0.0	0.0	0.000381851352744	0.0	0.00142085087934	3.99944007839e-06	0.0120065937651	0.0	0.0	0.0	0.0	6.40124269458e-06	0.0	0.0	2.31576095326e-06	2.13252581689e-06	2.09605156287e-06	0.000394344592052	0.00897140926176	0.00563337096347	0.000366218661301	0.00197506969954	0.00105235360658	2.73862120008e-06
k__Bacteria;p__Fusobacteria;c__Fusobacteriia;o__Fusobacteriales;f__Leptotrichiaceae;g__Leptotrichia	0.018200011732	0.00660708599858	0.00682888844303	0.0106258746513	0.00935417799621	0.00253971684859	0.0388709335748	0.0118184978208	0.0365405479668	0.0158873746788	0.00531853244562	0.0103665486832	0.0127151556767	0.0121503300581	0.0150568480641	0.00186816206347	0.000903140923434	0.00334784992927	0.038578735061	0.0419185190894	0.00134198347241	0.010644502615	0.00546126234705	0.0223968433137	0.0096357015134	0.0282179574733	0.0115425986442	0.0404249877353	0.0157064761131	0.0198563730112
k__Bacteria;p__Fusobacteria;c__Fusobacteriia;o__Fusobacteriales;f__Leptotrichiaceae;g__Sneathia	0.0	0.0	0.0	0.0	0.0	0.0	0.0	0.0	0.0	0.0	3.86334075953e-05	9.99860019597e-06	2.43492065811e-06	0.0	0.000109010585502	0.0	0.0	0.0	0.0	0.0	0.0	0.000164204487901	0.0	0.0	0.0	0.0	0.0	0.0	7.22589867188e-06	0.000162263306105
k__Bacteria;p__GN02;c__BD1-5;o__;f__;g__	0.0	0.000178231395412	4.68578210176e-06	0.0	2.54120564961e-06	0.0	0.0	0.0	0.0	1.41978325994e-05	0.000105168720676	0.0	0.0	0.0	1.52997312985e-05	0.0	0.0	8.53499025944e-06	0.0	0.0	3.47364142989e-06	3.8385464704e-05	0.0	0.0	2.4631925901e-05	2.78741759697e-06	2.68432526608e-05	5.98279348593e-06	0.000208894161605	6.84655300019e-07
k__Bacteria;p__Proteobacteria;c__Alphaproteobacteria;Other;Other;Other	0.0	0.0	0.0	0.0	0.0	0.0	0.0	0.0	4.04075505549e-06	0.0	0.0	0.0	0.0	0.0	0.0	0.0	0.0	0.0	0.0	0.0	0.0	0.0	0.0	0.0	0.0	0.0	0.0	0.0	0.0	0.0
k__Bacteria;p__Proteobacteria;c__Alphaproteobacteria;o__;f__;g__	0.0	0.0	0.0	0.0	0.0	0.0	0.0	0.0	0.0	0.0	0.0	0.0	3.89587305298e-05	0.0	0.0	0.0	0.0	0.0	0.0	0.0	0.0	0.0	0.0	0.0	1.30857106349e-05	0.0	0.0	0.0	0.0	0.0
k__Bacteria;p__Proteobacteria;c__Alphaproteobacteria;o__Rhizobiales;Other;Other	0.0	0.0	0.0	9.98531659195e-07	0.0	0.0	0.0	0.0	6.06113258323e-06	0.0	0.0	0.0	0.0	0.0	0.0	0.0	0.0	0.0	2.34935357536e-06	0.0	0.0	0.0	0.0	0.0	0.0	0.0	0.0	0.0	0.0	0.0
k__Bacteria;p__Proteobacteria;c__Alphaproteobacteria;o__Rhizobiales;f__;g__	0.0	0.0	2.12990095535e-06	0.0	0.0	0.0	0.0	0.0	0.0	0.0	0.0	0.0	0.0	0.0	0.0	0.0	0.0	0.0	0.0	0.0	0.0	0.0	0.0	0.0	0.0	0.0	0.0	0.0	0.0	0.0
k__Bacteria;p__Proteobacteria;c__Alphaproteobacteria;o__Rhizobiales;f__Rhizobiaceae;g__Agrobacterium	0.0	0.0	1.27794057321e-06	0.0	0.0	0.0	0.0	0.0	0.0	0.0	0.0	0.0	0.0	0.0	0.0	0.0	0.0	0.0	0.0	0.0	0.0	0.0	0.0	0.0	0.0	0.0	0.0	0.0	0.0	0.0
k__Bacteria;p__Proteobacteria;c__Alphaproteobacteria;o__Rhodobacterales;f__Rhodobacteraceae;g__	0.0	0.0	0.0	1.99706331839e-06	0.0	0.0	0.0	0.0	0.0	0.0	0.0	0.0	0.0	0.0	0.0	0.0	0.0	0.0	0.0	0.0	0.0	0.0	0.0	0.0	0.0	0.0	0.0	0.0	0.0	0.0
k__Bacteria;p__Proteobacteria;c__Alphaproteobacteria;o__Rhodobacterales;f__Rhodobacteraceae;g__Paracoccus	0.0	0.0	0.0	0.0	0.0	0.0	0.0	0.0	0.0	0.0	0.0	0.0	0.0	0.0	0.0	0.0	0.0	0.0	0.0	0.0	0.0	2.13252581689e-06	0.0	0.0	0.0	0.0	0.0	0.0	0.0	0.0
k__Bacteria;p__Proteobacteria;c__Alphaproteobacteria;o__Rhodobacterales;f__Rhodobacteraceae;g__Rhodobacter	0.0	0.0	0.0	0.0	0.0	0.0	0.0	0.0	4.04075505549e-06	0.0	0.0	0.0	0.0	0.0	0.0	0.0	0.0	0.0	0.0	0.0	0.0	0.0	0.0	0.0	0.0	0.0	0.0	0.0	0.0	0.0
k__Bacteria;p__Proteobacteria;c__Alphaproteobacteria;o__Rickettsiales;f__;g__	0.0	0.0	0.0	0.0	0.0	0.0	0.0	0.0	0.0	0.0	6.43890126589e-06	0.0	0.0	0.0	0.0	0.0	0.0	0.0	0.0	0.0	0.0	0.0	0.0	0.0	0.0	0.0	0.0	0.0	0.0	0.0
k__Bacteria;p__Proteobacteria;c__Alphaproteobacteria;o__Sphingomonadales;f__Sphingomonadaceae;g__Novosphingobium	0.0	0.0	0.0	0.0	0.0	4.15665605334e-06	0.0	0.0	0.0	0.0	0.0	0.0	0.0	0.0	0.0	0.0	0.0	0.0	0.0	0.0	0.0	0.0	0.0	0.0	0.0	0.0	0.0	0.0	0.0	0.0
k__Bacteria;p__Proteobacteria;c__Alphaproteobacteria;o__Sphingomonadales;f__Sphingomonadaceae;g__Sphingobium	0.0	0.0	0.0	1.99706331839e-06	0.0	0.0	0.0	0.0	0.0	0.0	0.0	0.0	0.0	0.0	0.0	0.0	0.0	0.0	0.0	0.0	0.0	0.0	0.0	0.0	0.0	0.0	0.0	0.0	0.0	0.0
k__Bacteria;p__Proteobacteria;c__Alphaproteobacteria;o__Sphingomonadales;f__Sphingomonadaceae;g__Sphingopyxis	0.0	0.0	0.0	0.0	0.0	0.0	0.0	0.0	6.06113258323e-06	0.0	0.0	0.0	0.0	0.0	0.0	0.0	0.0	0.0	0.0	0.0	0.0	0.0	0.0	0.0	0.0	0.0	0.0	0.0	0.0	0.0
k__Bacteria;p__Proteobacteria;c__Betaproteobacteria;o__Burkholderiales;f__Alcaligenaceae;g__Sutterella	0.0	0.0	0.0	0.0	0.0	0.0	0.0	0.0	0.0	0.0	0.0	0.0	0.0	0.0	0.0	0.0	0.0	0.0	0.0	0.0	0.0	1.17288919929e-05	0.0	1.20594676469e-06	0.0	0.0	0.0	0.0	0.0	0.0
k__Bacteria;p__Proteobacteria;c__Betaproteobacteria;o__Burkholderiales;f__Burkholderiaceae;g__Lautropia	0.00202098657543	0.000981717794189	0.000273053302475	2.54625573095e-05	0.000668337085847	0.00011846469752	0.00090564746992	4.01080242787e-05	0.00319623724889	0.000693665535573	0.000197459638821	5.79918811366e-05	2.1914285923e-05	6.86867810482e-05	0.000191246641231	5.52806876918e-05	0.000811711842296	0.000145094834411	0.000101022203741	0.0	0.000613676652614	0.000201523689696	0.000367857049283	2.05010949997e-05	0.000222457080793	0.000163528499022	0.000111846886087	0.000587061610807	0.000518294004738	0.0
k__Bacteria;p__Proteobacteria;c__Betaproteobacteria;o__Burkholderiales;f__Comamonadaceae;g__	7.83560473099e-05	0.000106457130773	8.51960382138e-07	0.0	0.0	2.07832802667e-06	6.99641822256e-05	0.0	0.0	0.0	3.86334075953e-05	0.0	0.0	0.0	0.0	1.62590257917e-06	1.78398207098e-05	0.0	0.0	0.0	3.47364142989e-06	2.13252581689e-06	0.0	0.0	3.69478888515e-05	0.0	0.0	0.0	0.000167509469212	0.0
k__Bacteria;p__Proteobacteria;c__Betaproteobacteria;o__Burkholderiales;f__Comamonadaceae;g__Comamonas	0.0	0.0	0.0	0.0	0.0	0.0	0.0	0.0	0.0	0.0	0.0	0.0	0.0	7.23018747876e-06	0.0	0.0	0.0	0.0	0.0	0.0	0.0	0.0	0.0	0.0	0.0	0.0	0.0	0.0	0.0	0.0
k__Bacteria;p__Proteobacteria;c__Betaproteobacteria;o__Burkholderiales;f__Comamonadaceae;g__Hydrogenophaga	0.0	0.0	8.51960382138e-07	0.0	0.0	0.0	0.0	0.0	0.0	0.0	0.0	0.0	0.0	0.0	0.0	0.0	0.0	0.0	0.0	0.0	0.0	0.0	0.0	0.0	0.0	0.0	0.0	0.0	0.0	0.0
k__Bacteria;p__Proteobacteria;c__Betaproteobacteria;o__Burkholderiales;f__Comamonadaceae;g__Methylibium	0.0	0.0	0.0	0.0	0.0	0.0	0.0	0.0	0.0	0.0	0.0	0.0	0.0	0.0	0.0	0.0	0.0	0.0	0.0	0.0	0.0	0.0	0.0	0.0	0.0	0.0	0.0	0.0	0.0	2.05396590006e-06
k__Bacteria;p__Proteobacteria;c__Betaproteobacteria;o__Burkholderiales;f__Oxalobacteraceae;Other	0.0	0.0	1.27794057321e-06	0.0	0.0	0.0	0.0	0.0	0.0	0.0	0.0	0.0	0.0	0.0	0.0	0.0	0.0	0.0	0.0	0.0	0.0	0.0	0.0	0.0	0.0	0.0	0.0	0.0	0.0	0.0
k__Bacteria;p__Proteobacteria;c__Betaproteobacteria;o__Burkholderiales;f__Oxalobacteraceae;g__Ralstonia	0.0	0.0	0.0	0.0	0.0	6.23498408001e-06	0.0	0.0	0.0	0.0	0.0	0.0	0.0	0.0	0.0	0.0	0.0	0.0	0.0	0.0	0.0	0.0	0.0	0.0	0.0	0.0	0.0	0.0	0.0	0.0
k__Bacteria;p__Proteobacteria;c__Betaproteobacteria;o__Neisseriales;f__Neisseriaceae;Other	0.000131877937549	0.000728821895293	0.00320337103684	9.98531659195e-07	0.00338996833658	0.00368071893523	0.000637451438055	1.90990591803e-06	0.000854619694236	0.000594280707377	0.000485063895364	0.000227968084468	0.0010518857243	0.0	1.33872648862e-05	0.000143079426967	8.25091707828e-05	6.40124269458e-05	0.0	3.85347969216e-05	0.000283680716774	0.000164204487901	7.65058820447e-05	4.82378705874e-06	0.000347925953352	0.000181182143803	0.000273545527115	0.000247538080481	0.000813898950405	6.84655300019e-07
k__Bacteria;p__Proteobacteria;c__Betaproteobacteria;o__Neisseriales;f__Neisseriaceae;g__	0.00483880705273	0.00245140424663	0.000591260505204	0.000766872314262	0.000116895459882	0.00703098371422	0.00128656357315	9.54952959017e-06	1.01018876387e-05	8.72152573966e-05	0.00635519554943	3.99944007839e-06	0.00292433971039	0.000110260359051	0.000558440192394	6.66620057459e-05	0.000947740475208	0.00111168248129	7.04806072609e-06	0.0	0.000386732079194	3.73192017956e-05	1.04802578143e-06	0.000203805003232	0.00183430873194	7.15437183222e-05	0.000130381512924	0.00122497696625	0.0014031381421	6.16189770017e-06
k__Bacteria;p__Proteobacteria;c__Betaproteobacteria;o__Neisseriales;f__Neisseriaceae;g__Eikenella	0.000295012658997	0.000260121496007	6.68788899979e-05	8.13803302244e-05	0.000292238649705	0.0003740990448	0.000820135691645	0.000190990591803	0.000735417420099	2.4339141599e-05	0.000465747191566	1.19983202352e-05	0.000681777784271	0.000332588624023	0.000407355345822	4.87770773751e-06	0.000185088139864	0.000172833552754	2.34935357536e-06	0.0	0.000126208971953	0.000119421445746	0.000102706526581	0.000121800623233	0.00238467832629	0.000114284121476	0.000239032773694	6.6558577531e-05	0.000754121061393	5.68263899016e-05
k__Bacteria;p__Proteobacteria;c__Betaproteobacteria;o__Neisseriales;f__Neisseriaceae;g__Kingella	0.000262899524854	0.000156072897604	5.92112465586e-05	1.14831140807e-05	0.000465040633878	0.0	0.000155475960501	9.54952959017e-06	0.000280832476357	6.89609011973e-05	0.000334822865826	4.79932809407e-05	0.0001801841287	0.000251249014887	0.000480029069489	6.50361031668e-06	2.22997758873e-06	7.25474172053e-05	1.17467678768e-05	1.46799226368e-05	0.000112314406233	1.9192732352e-05	3.87769539131e-05	0.000123006569998	5.69613286461e-05	4.08821247555e-05	0.000180233267866	7.47849185742e-07	0.000373119131421	0.0
k__Bacteria;p__Proteobacteria;c__Betaproteobacteria;o__Neisseriales;f__Neisseriaceae;g__Neisseria	0.137162046728	0.070638400773	0.165506509616	0.015572600491	0.00259457096825	0.257357281214	0.00411816950378	0.000103134919574	0.0144376178133	0.0381069826969	0.411050871613	0.00187173795669	0.186673192254	0.000894735700497	0.0111611539822	0.000843843438589	0.0523643337384	0.010312401981	0.000768238619144	0.000189004003949	0.0159590666094	0.00123046739635	0.000360520868813	0.0297675899395	0.0565672178317	0.0022076347368	0.00941686868345	0.10046830316	0.0189114906241	0.127470493068
k__Bacteria;p__Proteobacteria;c__Betaproteobacteria;o__Rhodocyclales;f__Rhodocyclaceae;g__Azospira	0.0	0.0	0.0	0.0	0.0	0.0	0.0	0.0	0.0	0.0	4.29260084393e-06	0.0	0.0	0.0	0.0	0.0	0.0	0.0	0.0	0.0	0.0	0.0	0.0	0.0	0.0	0.0	0.0	0.0	0.0	0.0
k__Bacteria;p__Proteobacteria;c__Betaproteobacteria;o__Rhodocyclales;f__Rhodocyclaceae;g__Propionivibrio	1.71270048765e-06	2.89023884452e-06	4.25980191069e-07	9.98531659195e-07	0.0	0.0	1.94344950627e-06	0.0	0.0	6.08478539976e-06	0.0	0.0	0.0	1.26528280878e-05	1.72121977108e-05	0.0	4.45995517745e-06	0.0	2.34935357536e-06	0.0	2.31576095326e-06	2.13252581689e-06	0.0	0.0	2.30924305322e-06	9.29139198989e-07	0.0	7.47849185742e-07	5.91209891336e-06	0.0
k__Bacteria;p__Proteobacteria;c__Deltaproteobacteria;o__Desulfobacterales;f__Desulfobulbaceae;g__Desulfobulbus	0.0	1.92682589635e-06	0.0	0.0	2.54120564961e-06	2.07832802667e-06	0.0	0.0	0.0	6.08478539976e-06	0.0	0.0	0.0	3.61509373938e-06	3.82493282462e-06	0.0	0.0	1.28024853892e-05	0.0	0.0	6.94728285978e-06	2.8789098528e-05	0.0	0.0	7.69747684407e-07	2.78741759697e-06	0.0	7.47849185742e-07	2.62759951705e-06	0.0
k__Bacteria;p__Proteobacteria;c__Deltaproteobacteria;o__Desulfovibrionales;f__Desulfomicrobiaceae;g__Desulfomicrobium	5.13810146295e-06	0.0	1.70392076428e-06	0.0	0.0	1.246996816e-05	0.0	0.0	1.81833977497e-05	0.0	4.29260084393e-06	7.99888015678e-06	7.30476197433e-06	0.000108452812181	4.20742610708e-05	0.0	0.0	0.0	0.0	0.0	0.0	5.33131454223e-06	0.0	1.08535208822e-05	3.84873842203e-06	0.0	6.39125063353e-07	4.26274035873e-05	6.56899879262e-06	0.0
k__Bacteria;p__Proteobacteria;c__Deltaproteobacteria;o__Desulfovibrionales;f__Desulfovibrionaceae;g__Bilophila	0.0	0.0	0.0	0.0	0.0	0.0	0.0	0.0	0.0	0.0	0.0	0.0	0.0	0.0	0.0	0.0	0.0	6.40124269458e-06	0.0	0.0	0.0	0.0	0.0	0.0	0.0	0.0	0.0	0.0	0.0	0.0
k__Bacteria;p__Proteobacteria;c__Deltaproteobacteria;o__Desulfovibrionales;f__Desulfovibrionaceae;g__Desulfovibrio	0.0	0.0	0.0	3.54478739014e-05	0.0	2.07832802667e-05	0.0	0.0	0.0	0.0	2.36093046416e-05	0.0	4.86984131622e-06	5.78414998301e-05	5.73739923693e-05	6.50361031668e-06	2.22997758873e-06	6.40124269458e-06	0.0	0.0	1.15788047663e-05	5.22468825138e-05	0.0	0.0	1.53949536881e-06	0.0	0.0	1.64526820863e-05	1.77362967401e-05	0.0
k__Bacteria;p__Proteobacteria;c__Epsilonproteobacteria;o__Campylobacterales;f__Campylobacteraceae;g__Campylobacter	0.000460716431177	0.000219658152184	4.34499794891e-05	0.00198508093848	0.00012960148813	3.53315764534e-05	0.000295404324953	1.14594355082e-05	0.00134153067842	0.000178487038393	0.00110749101773	0.00541124242606	0.00122963493235	0.00732237236912	0.00126414029854	3.57698567417e-05	4.45995517745e-05	0.000603850560856	2.5842889329e-05	6.60596518656e-05	2.1999729056e-05	0.000344402919428	2.72486703173e-05	0.000682565868812	7.92840114939e-05	0.00224572944396	0.000134216263304	0.0020191928015	0.0015332043182	0.00167672082975
k__Bacteria;p__Proteobacteria;c__Epsilonproteobacteria;o__Campylobacterales;f__Helicobacteraceae;Other	0.0	4.81706474087e-07	0.0	0.0	0.0	0.0	0.0	0.0	0.0	0.0	0.0	0.0	2.43492065811e-06	0.0	0.0	0.0	0.0	0.0	0.0	0.0	0.0	0.0	0.0	0.0	0.0	0.0	0.0	0.0	1.97069963779e-06	0.0
k__Bacteria;p__Proteobacteria;c__Epsilonproteobacteria;o__Campylobacterales;f__Helicobacteraceae;g__Helicobacter	0.0	0.0	0.0	0.0	0.0	0.0	1.94344950627e-06	1.90990591803e-06	0.0	0.0025495250825	0.0	0.0	0.0	0.0	0.0	0.0	0.0	0.0	0.0	0.0	0.0	0.0	0.0	0.0	3.84873842203e-06	0.0	0.0	0.0	0.0	0.0
k__Bacteria;p__Proteobacteria;c__Gammaproteobacteria;o__Aeromonadales;f__Aeromonadaceae;Other	0.0	0.0	0.0	0.0	0.0	0.0	0.0	0.0	0.0	0.0	0.0	0.0	0.0	0.0	0.0	1.62590257917e-06	0.0	0.0	0.0	0.0	0.0	1.06626290845e-06	0.0	0.0	0.0	0.0	0.0	0.0	0.0	0.0
k__Bacteria;p__Proteobacteria;c__Gammaproteobacteria;o__Cardiobacteriales;f__Cardiobacteriaceae;g__Cardiobacterium	0.000295012658997	0.00033237746712	5.11176229283e-06	9.98531659195e-07	0.000104189431634	8.31331210668e-06	4.85862376567e-05	6.30268952951e-05	4.04075505549e-05	6.08478539976e-06	0.000289750556965	3.99944007839e-06	2.1914285923e-05	0.000103030171572	0.000130047716037	1.62590257917e-06	4.23695741858e-05	7.25474172053e-05	0.0	0.0	1.50524461962e-05	7.03733519574e-05	0.0	0.0	3.00201596919e-05	1.95119231788e-05	3.96257539279e-05	2.39311739437e-05	0.00018655956571	0.0
k__Bacteria;p__Proteobacteria;c__Gammaproteobacteria;o__Enterobacteriales;f__Enterobacteriaceae;g__	0.0	0.0	8.51960382138e-07	0.0	0.0	2.07832802667e-06	0.0	0.0	0.0	0.0	9.22909181444e-05	0.0	0.0	0.0	0.0	0.0	0.0	4.26749512972e-06	0.0	7.3399613184e-06	0.0	0.0	0.0	1.20594676469e-06	2.30924305322e-06	0.0	0.0	7.47849185742e-07	0.0	2.73862120008e-06
k__Bacteria;p__Proteobacteria;c__Gammaproteobacteria;o__Enterobacteriales;f__Enterobacteriaceae;g__Providencia	8.56350243824e-07	0.0	0.0	0.0	0.0	0.0	0.0	0.0	0.0	0.0	0.0	0.0	0.0	0.0	0.0	0.0	0.0	0.0	0.0	0.0	0.0	0.0	0.0	0.0	0.0	0.0	0.0	0.0	0.0	0.0
k__Bacteria;p__Proteobacteria;c__Gammaproteobacteria;o__Pasteurellales;f__Pasteurellaceae;Other	2.52623321928e-05	0.000684986606151	0.00021895381821	4.99265829598e-07	0.0	0.0	0.0	0.0	0.0	1.82543561993e-05	0.000111607621942	0.000209970604115	2.92190478973e-05	0.000300052780369	2.29495969477e-05	0.0	2.67597310647e-05	0.000196304775967	0.0	0.0	3.82100557288e-05	3.19878872534e-06	0.0	1.20594676469e-06	5.31125902241e-05	5.94649087353e-05	8.30862582359e-06	1.86962296435e-05	7.88279855114e-06	0.000555940103616
k__Bacteria;p__Proteobacteria;c__Gammaproteobacteria;o__Pasteurellales;f__Pasteurellaceae;g__Actinobacillus	2.99722585339e-06	1.73414330671e-05	4.47279200623e-05	0.0	0.0	0.000101838073307	1.94344950627e-06	0.0	0.0	1.21695707995e-05	0.0	0.0	2.43492065811e-06	0.0	0.0	0.0	2.22997758873e-06	4.26749512972e-06	0.0	0.0	0.0	0.0	3.77289281316e-05	0.0	0.0	0.0	0.0	1.49569837148e-06	0.0	0.000199919347606
k__Bacteria;p__Proteobacteria;c__Gammaproteobacteria;o__Pasteurellales;f__Pasteurellaceae;g__Aggregatibacter	0.000378078632648	0.00266913557292	0.000272201342093	2.99559497759e-06	2.54120564961e-06	0.00220926269235	7.57945307444e-05	0.0	0.000359627199939	8.51869955966e-05	0.000255409750214	4.79932809407e-05	0.00303391114001	0.000480807467338	0.000120485383975	0.0	0.00106146933223	0.00015362982467	7.04806072609e-06	0.0	0.000177155712924	9.06323472179e-05	9.43223203291e-06	0.00044017056911	0.00166111550295	0.000553766962598	9.5868759503e-05	0.00113373936558	0.00122971657398	6.84655300019e-06
k__Bacteria;p__Proteobacteria;c__Gammaproteobacteria;o__Pasteurellales;f__Pasteurellaceae;g__Haemophilus	0.015544897801	0.00561669748785	0.00593433004178	0.00659230601401	0.00078015013443	0.0081595158327	0.00484890651814	0.000401080242787	0.0045296864172	0.00226556843051	0.00317008572324	0.00176375307457	0.0100172635875	0.00380307861383	0.00551746559951	0.00262745856794	0.00527166701975	0.00762601379681	0.000514508433005	0.000253228665485	0.00227176149515	0.00143412361186	0.00176277936437	0.271869844578	0.00369940737126	0.00286546528968	0.00510149625569	0.00534039103538	0.00320829901031	0.00951602401497
k__Bacteria;p__Proteobacteria;c__Gammaproteobacteria;o__Pseudomonadales;Other;Other	2.911590829e-05	4.81706474087e-07	8.51960382138e-07	0.0	0.0	3.740990448e-05	0.0	0.0	0.0	0.0	0.0	0.0	0.0	0.0	0.0	0.0	0.0	0.00104980380191	0.0	1.8349903296e-06	9.26304381304e-06	0.0	0.0	0.0	0.0	0.0	0.0	7.47849185742e-07	0.0	0.0
k__Bacteria;p__Proteobacteria;c__Gammaproteobacteria;o__Pseudomonadales;f__Moraxellaceae;g__	3.85357609721e-06	4.81706474087e-07	0.0	0.0	0.0	0.0	0.0	0.0	0.0	0.0	0.0	0.0	0.0	0.0	0.0	0.0	0.0	3.41399610378e-05	0.0	0.0	0.0	0.0	0.0	0.0	0.0	0.0	0.0	0.0	0.0	0.0
k__Bacteria;p__Proteobacteria;c__Gammaproteobacteria;o__Pseudomonadales;f__Moraxellaceae;g__Acinetobacter	5.99445170677e-06	0.0	9.37156420352e-06	0.0	0.0	0.0	0.0	0.0	0.0	0.0	0.0	0.0	0.000224012700546	0.0	0.0	1.62590257917e-06	0.0	2.13374756486e-06	0.0	1.8349903296e-06	0.0	4.26505163378e-06	0.0	0.0	6.85075439122e-05	0.0	0.0	0.0	0.0	4.10793180012e-06
k__Bacteria;p__Proteobacteria;c__Gammaproteobacteria;o__Pseudomonadales;f__Moraxellaceae;g__Enhydrobacter	0.0	4.81706474087e-07	0.0	4.99265829598e-07	0.0	0.0	0.0	0.0	0.0	0.0	0.0	0.0	0.0	0.0	0.0	0.0	0.0	0.0	0.0	0.0	0.0	0.0	0.0	0.0	0.0	0.0	0.0	0.0	0.0	0.0
k__Bacteria;p__Proteobacteria;c__Gammaproteobacteria;o__Pseudomonadales;f__Moraxellaceae;g__Moraxella	0.0	0.0	0.0	0.0	0.0	0.0	0.0	0.0	0.0	4.05652359984e-06	0.0	0.0	0.0	0.0	0.0	0.0	0.0	0.0	0.0	0.0	0.0	3.19878872534e-06	0.0	5.42676044109e-05	0.0	9.29139198989e-07	0.0	3.73924592871e-06	1.31379975852e-06	0.0
k__Bacteria;p__Proteobacteria;c__Gammaproteobacteria;o__Pseudomonadales;f__Pseudomonadaceae;g__	0.0	0.0	2.12990095535e-06	0.0	0.0	0.0	0.0	0.0	0.0	0.0	0.0	0.0	0.0	0.0	0.0	0.0	0.0	0.0	0.0	0.0	0.0	0.0	0.0	0.0	0.0	0.0	0.0	0.0	0.0	0.0
k__Bacteria;p__Proteobacteria;c__Gammaproteobacteria;o__Pseudomonadales;f__Pseudomonadaceae;g__Pseudomonas	0.0	9.63412948174e-07	4.25980191069e-07	0.0	0.0	0.0	0.0	0.0	0.0	0.0	0.0	0.0	0.0	0.0	0.0	0.0	0.0	0.0	0.0	0.0	0.0	0.0	0.0	0.0	0.0	0.0	0.0	0.0	0.0	0.0
k__Bacteria;p__Proteobacteria;c__Gammaproteobacteria;o__Xanthomonadales;f__Xanthomonadaceae;Other	0.0	0.0	2.12990095535e-06	0.0	0.0	0.0	0.0	0.0	4.04075505549e-06	0.0	8.58520168785e-06	0.0	0.0	0.0	1.52997312985e-05	0.0	0.0	0.0	0.0	0.0	0.0	0.0	0.0	0.0	0.0	0.0	0.0	0.0	0.0	2.05396590006e-06
k__Bacteria;p__Proteobacteria;c__Gammaproteobacteria;o__Xanthomonadales;f__Xanthomonadaceae;g__Stenotrophomonas	0.0	0.0	5.11176229283e-06	0.0	0.0	0.0	0.0	0.0	0.0	0.0	0.0	0.0	0.0	0.0	0.0	0.0	0.0	0.0	0.0	0.0	0.0	0.0	0.0	0.0	0.0	0.0	0.0	0.0	0.0	4.79258710014e-06
k__Bacteria;p__SR1;c__;o__;f__;g__	0.00314965619679	0.000739901144197	3.0670573757e-05	0.00140892817112	0.0	9.35247612001e-05	3.30386416065e-05	0.0015355643581	0.0	1.82543561993e-05	6.43890126589e-05	7.99888015678e-06	0.0478145369633	0.0147712730191	0.000162559645046	1.46331232125e-05	1.11498879436e-05	0.000145094834411	4.69870715073e-06	3.6699806592e-06	2.43154900092e-05	0.000371059492139	1.04802578143e-05	6.99449123518e-05	0.00258404297655	0.0600149591411	0.0311822727159	0.113562394553	0.00125336496963	0.00606878457937
k__Bacteria;p__Spirochaetes;Other;Other;Other;Other	0.0	0.0	0.0	0.0	0.0	0.0	0.0	0.0	0.0	0.0	0.0	0.0	9.73968263244e-06	0.0	0.0	0.0	0.0	0.0	0.0	0.0	0.0	0.0	0.0	0.0	3.07899073763e-06	0.0	0.0	0.0	1.97069963779e-06	0.0
k__Bacteria;p__Spirochaetes;c__Spirochaetes;o__Sphaerochaetales;f__Sphaerochaetaceae;g__Sphaerochaeta	6.85080195059e-06	0.0	0.0	3.74449372198e-05	0.0	0.000239007723067	0.0	0.0	0.0	4.86782831981e-05	8.79983173005e-05	1.99972003919e-06	1.21746032906e-05	0.000218713171233	6.50238580185e-05	2.76403438459e-05	0.0	0.000202706018662	0.0	0.0	1.15788047663e-06	4.05179905209e-05	0.0	0.0	5.38823379085e-06	0.0	3.83475038012e-06	0.000488345518289	3.81001929972e-05	0.0
k__Bacteria;p__Spirochaetes;c__Spirochaetes;o__Spirochaetales;f__Spirochaetaceae;g__Treponema	0.00021280303559	0.000836242439015	7.28426126728e-05	0.000811806238926	5.08241129922e-06	0.000216146114774	0.000664659731143	0.000185260874049	6.66724584156e-05	0.00132039843175	0.00215273932323	0.000509928609995	0.00183836509687	0.0268221879993	0.00215534964667	0.000985296962977	0.000613243836899	0.0103060007383	9.39741430145e-05	0.000198178955597	0.000218839410083	0.00297807230329	0.00121675793225	0.000203805003232	0.0011007391887	0.00398043232847	0.000148277014698	0.00355452717983	0.00216382820229	0.000161578650805
k__Bacteria;p__Synergistetes;c__Synergistia;o__Synergistales;f__Dethiosulfovibrionaceae;g__Pyramidobacter	0.0	0.0	0.0	3.19530130942e-05	0.0	7.48198089601e-05	0.0	0.0	0.0	0.0	3.00482059075e-05	1.39980402744e-05	2.43492065811e-06	0.0008170111851	0.000177859376345	1.30072206334e-05	2.22997758873e-06	4.26749512972e-06	0.0	0.0	2.77891314391e-05	2.55903098027e-05	0.0	1.20594676469e-06	2.30924305322e-06	9.29139198989e-07	0.0	9.72203941464e-06	3.35018938424e-05	0.0
k__Bacteria;p__Synergistetes;c__Synergistia;o__Synergistales;f__Dethiosulfovibrionaceae;g__TG5	5.65191160924e-05	0.000191237470212	5.83592861765e-05	0.00037195304305	2.54120564961e-06	0.000251477691227	1.94344950627e-06	9.54952959017e-06	0.000195976620191	0.000139950064194	3.00482059075e-05	2.79960805487e-05	1.70444446068e-05	0.000806165903882	0.00052210333056	3.90216619001e-05	6.68993276618e-06	0.000241113474829	2.81922429044e-05	2.38548742848e-05	2.66312509625e-05	8.74335584925e-05	1.04802578143e-06	1.56773079409e-05	2.00134397946e-05	0.000144945715042	8.30862582359e-06	9.04897514748e-05	0.00013335067549	0.0
k__Bacteria;p__Synergistetes;c__Synergistia;o__Synergistales;f__Synergistaceae;g__	0.0	0.0	0.0	0.0	0.0	0.0	0.0	0.0	0.0	0.0	0.0	0.0	2.43492065811e-06	0.0	0.0	6.50361031668e-06	0.0	0.0	0.0	0.0	0.0	1.38614178098e-05	0.0	0.0	0.0	0.0	0.0	0.0	0.0	0.0
k__Bacteria;p__Synergistetes;c__Synergistia;o__Synergistales;f__Synergistaceae;g__Candidatus Tammella	0.0	0.0	0.0	0.0	0.0	0.0	0.0	0.0	4.04075505549e-06	0.0	0.0	0.0	0.0	0.0	1.91246641231e-06	4.55252722167e-05	0.0	0.0	0.0	0.0	0.0	7.46384035912e-06	1.04802578143e-06	0.0	2.30924305322e-06	0.0	0.0	7.47849185742e-07	5.25519903409e-06	0.0
k__Bacteria;p__TM7;c__TM7-3;o__;f__;g__	0.00981848372057	0.00608539788714	0.00189603783045	0.0233566540402	5.08241129922e-06	0.000675456608667	0.00603635416646	5.3477365705e-05	0.000917251397596	0.000176458776593	0.00253048819749	0.00618713380127	0.00341375876267	0.0210759965006	0.00906700326076	0.0183580660214	0.0258565901413	0.0128643640685	0.00975921475206	0.0107530433315	0.000933251664164	0.00446337653475	0.00347106138811	0.00208387600938	0.00454536007642	0.00366545414001	0.0126617066301	0.00311927895373	0.0101727515302	0.00272766671528
k__Bacteria;p__TM7;c__TM7-3;o__CW040;f__;g__	8.56350243824e-07	1.6859726593e-05	0.0	0.0	0.0	0.0	9.13421267945e-05	0.0	0.0	0.0	0.0	0.0	4.86984131622e-06	3.61509373938e-06	0.0	0.0	8.9199103549e-06	0.0	0.0	0.0	0.0	0.000172734591168	0.0	6.02973382343e-06	3.07899073763e-05	1.67245055818e-05	1.72563767105e-05	2.91661182439e-05	1.83931966193e-05	0.0
k__Bacteria;p__TM7;c__TM7-3;o__CW040;f__F16;g__	4.70992634103e-06	1.05975424299e-05	4.25980191069e-07	2.49632914799e-06	0.0	0.0	1.16606970376e-05	0.0	1.41426426942e-05	4.05652359984e-06	0.0	0.0	5.35682544784e-05	0.000462731998641	1.91246641231e-06	7.80433238001e-05	3.34496638309e-05	6.40124269458e-06	7.04806072609e-06	1.46799226368e-05	4.63152190652e-06	1.38614178098e-05	4.19210312574e-06	0.0	1.53949536881e-05	1.30079487858e-05	9.5868759503e-06	8.15155612459e-05	1.83931966193e-05	0.000231413491407
k__Bacteria;p__TM7;c__TM7-3;o__I025;f__Rs-045;g__	0.000215800261444	0.000257231257162	9.79754439459e-06	0.000336005903319	0.0	8.31331210668e-06	0.000789040499544	0.000190990591803	2.62649078607e-05	7.09891629972e-05	0.000330530264982	0.000253964444978	2.43492065811e-06	0.00148941862062	0.00118572917563	0.000471511747959	0.000532964643705	0.000815091569777	1.17467678768e-05	0.00153772189621	0.000578940238315	0.00428637689195	0.0	1.9295148235e-05	1.61647013725e-05	0.000161670220624	1.85346268372e-05	0.000539947112106	0.000347500036129	2.05396590006e-06
k__Bacteria;p__Tenericutes;c__Mollicutes;o__Acholeplasmatales;f__Acholeplasmataceae;g__Acholeplasma	0.0	0.0	0.0	0.0	0.0	0.0	0.0	0.0	0.0	4.05652359984e-06	2.14630042196e-06	0.0	0.0	0.0	0.0	0.0	0.0	0.0	0.0	0.0	0.0	0.0	0.0	0.0	7.69747684407e-07	9.29139198989e-07	0.0	2.24354755723e-06	3.28449939631e-06	0.0
k__Bacteria;p__Tenericutes;c__Mollicutes;o__Mycoplasmatales;f__Mycoplasmataceae;g__Mycoplasma	2.95440834119e-05	0.000866108240408	6.73048701889e-05	0.000748399478567	2.54120564961e-05	0.000151717945947	0.000639394887562	5.92070834591e-05	5.85909483046e-05	0.00049895240278	0.000450723088612	0.000755894174816	0.000192358731991	0.0023136599932	0.00214004991537	0.000113813180542	3.34496638309e-05	0.013553564532	1.17467678768e-05	8.62445454912e-05	0.00686854698737	0.000357198074329	9.53703461105e-05	5.78854447049e-05	0.000317136045975	0.00049616033226	0.000189181018753	0.0016886434614	0.00015108697223	0.0
k__Bacteria;p__Tenericutes;c__Mollicutes;o__Mycoplasmatales;f__Mycoplasmataceae;g__Ureaplasma	0.0	0.0	0.0	0.0	0.0	0.0	0.0	0.0	0.0	0.0	0.0	0.0	0.0	0.0	0.0	0.0	0.0	0.0	0.0	0.0	0.0	0.0	0.0	0.0	0.0	0.0	0.0	0.0	0.0	6.23036323018e-05
k__Bacteria;p__Tenericutes;c__Mollicutes;o__RF39;f__;g__	0.0	2.40853237043e-05	0.0	1.04845824215e-05	0.0	0.0	1.55475960501e-05	0.0	0.0	0.0	0.0	7.99888015678e-05	0.000289755558315	0.000845931935015	3.82493282462e-06	7.96692263793e-05	0.0	3.62737086026e-05	1.87948286029e-05	3.6699806592e-06	1.15788047663e-06	3.94517276125e-05	1.04802578143e-06	1.20594676469e-06	1.07764675817e-05	0.00173841944131	1.40607513938e-05	0.000597531499408	4.66398914276e-05	5.47724240016e-06
k__Bacteria;p__Tenericutes;c__RF3;o__ML615J-28;f__;g__	4.28175121912e-07	0.0	1.70392076428e-06	4.94273171302e-05	0.0	0.0	1.55475960501e-05	0.0	0.0	3.85369741985e-05	0.000103022420254	1.79974803528e-05	2.1914285923e-05	0.000614565935695	0.000269657764136	0.0	6.68993276618e-06	6.40124269458e-05	0.0	0.0	3.70521752522e-05	5.11806196054e-05	0.0	2.41189352937e-06	3.23294027451e-05	5.48192127404e-05	1.91737519006e-05	0.0	0.000105103980682	0.0
