Taxon	22	29	30	31	33	34	35	36	39	41	42	43	45	47	49	50	59	60	61	72
Unassigned;Other;Other;Other;Other;Other	0.0455271872102	0.0310925652898	0.0397998820172	0.0317280993361	0.0589541285376	0.108467055014	0.0128364776751	0.000577648500285	0.0158319672622	0.0594538316379	0.0307278919079	0.0949697630014	0.0583193092246	0.0680685755164	0.0264176651063	0.0257322415149	0.167727291077	0.0869929870758	0.0580456234568	0.0182178321587
k__Bacteria;Other;Other;Other;Other;Other	0.0	0.0	6.65817084067e-07	6.08478539976e-06	0.0	1.50425139049e-06	0.0	1.20594676469e-06	7.47849185742e-07	0.0	1.44519261837e-05	4.95237466365e-06	5.26138959312e-06	7.39568885127e-06	0.0	0.0	0.0	6.84655300019e-06	0.0	1.04802578143e-06
k__Bacteria;p__Actinobacteria;c__Actinobacteria;o__Actinomycetales;Other;Other	0.0	0.0	0.0	0.0	0.0	0.0	0.0	0.0	0.0	0.0	0.0	0.0	0.0	6.72335350115e-07	0.0	0.0	0.0	0.0	0.0	0.0
k__Bacteria;p__Actinobacteria;c__Actinobacteria;o__Actinomycetales;f__;g__	0.0	0.0	0.0	0.0	0.0	0.0	0.0	0.0	0.0	0.0	7.63887526852e-05	0.0	0.0	0.0	0.0	0.0	0.0	0.0	0.0	0.0
k__Bacteria;p__Actinobacteria;c__Actinobacteria;o__Actinomycetales;f__Actinomycetaceae;Other	0.000830375163903	3.01304341387e-05	0.00016046191726	7.09891629972e-05	0.000671017118403	0.000515206101244	9.54952959017e-06	1.08535208822e-05	9.42289974035e-05	0.000791705528924	0.000167229431554	0.000479554946597	0.000623098853243	0.00116784650315	8.12951289585e-06	0.000560031751365	3.6699806592e-06	4.10793180012e-06	0.000827174554614	3.03927476616e-05
k__Bacteria;p__Actinobacteria;c__Actinobacteria;o__Actinomycetales;f__Actinomycetaceae;g__	0.000175772844914	9.70302116331e-06	1.26505245973e-05	2.02826179992e-06	3.66096920306e-05	0.000105297597334	0.0	1.20594676469e-06	2.99139674297e-06	5.42264060907e-06	1.65164870671e-05	6.98835091426e-05	5.82510990667e-05	5.21059896339e-05	1.78849283709e-05	0.0	1.8349903296e-06	0.0	1.03916401333e-05	1.04802578143e-05
k__Bacteria;p__Actinobacteria;c__Actinobacteria;o__Actinomycetales;f__Actinomycetaceae;g__Actinomyces	0.00377002446677	0.00747847589029	0.00629596634694	0.000695693797373	0.00934655071671	0.00223757394336	0.000867097286788	0.000118182782939	0.00220690294712	0.00584199148284	0.00270973615944	0.00319483192191	0.00327483920818	0.00448884696504	0.00223724194894	0.00205263811479	0.000491777408333	0.000208819866506	0.0070683936187	0.00441952472031
k__Bacteria;p__Actinobacteria;c__Actinobacteria;o__Actinomycetales;f__Brevibacteriaceae;g__Brevibacterium	0.0	0.0	0.0	0.0	0.0	0.0	0.0	0.0	0.0	0.0	0.0	0.0	3.75813542366e-07	0.0	0.0	0.0	0.0	0.0	0.0	0.0
k__Bacteria;p__Actinobacteria;c__Actinobacteria;o__Actinomycetales;f__Corynebacteriaceae;g__Corynebacterium	0.00057378721788	9.90729529306e-05	2.26377808583e-05	4.05652359984e-05	0.00392879800265	0.000537769872101	0.0	3.61784029406e-06	9.64725449607e-05	1.08452812181e-05	0.0256470075738	0.00467559194634	0.000207073261844	6.89143733868e-05	1.46331232125e-05	0.00607269212133	3.48648162624e-05	2.73862120008e-06	0.000320062516107	5.97374695418e-05
k__Bacteria;p__Actinobacteria;c__Actinobacteria;o__Actinomycetales;f__Geodermatophilaceae;Other	0.0	0.0	0.0	4.05652359984e-06	0.0	0.0	0.0	0.0	0.0	0.0	0.0	0.0	0.0	0.0	0.0	0.0	0.0	0.0	0.0	0.0
k__Bacteria;p__Actinobacteria;c__Actinobacteria;o__Actinomycetales;f__Microbacteriaceae;g__Mycetocola	0.0	0.0	0.0	0.0	0.0	0.0	0.0	0.0	0.0	0.0	0.0	0.0	3.75813542366e-07	0.0	0.0	0.0	0.0	0.0	0.0	0.0
k__Bacteria;p__Actinobacteria;c__Actinobacteria;o__Actinomycetales;f__Micrococcaceae;Other	0.0	0.0	0.0	0.0	0.0	0.0	0.0	0.0	0.0	0.0	0.0	0.0	0.0	6.72335350115e-07	6.50361031668e-06	0.0	0.0	0.0	0.0	0.0
k__Bacteria;p__Actinobacteria;c__Actinobacteria;o__Actinomycetales;f__Micrococcaceae;g__Kocuria	0.0	0.0	0.0	0.0	0.0	0.0	0.0	0.0	0.0	0.0	0.0	0.0	1.37171942964e-05	0.0	0.0	0.0	0.0	0.0	0.0	0.0
k__Bacteria;p__Actinobacteria;c__Actinobacteria;o__Actinomycetales;f__Micrococcaceae;g__Micrococcus	4.84890606659e-05	0.0	0.0	0.0	0.0	0.0	0.0	1.32654144115e-05	0.0	0.0	0.0	0.0	7.51627084732e-07	1.00850302517e-06	1.62590257917e-06	0.0	0.0	0.0	0.0	0.0
k__Bacteria;p__Actinobacteria;c__Actinobacteria;o__Actinomycetales;f__Micrococcaceae;g__Nesterenkonia	0.0	0.0	0.0	0.0	0.0	0.0	0.0	0.0	0.0	0.0	0.0	2.47618733183e-06	0.0	0.0	0.0	0.0	0.0	0.0	0.0	0.0
k__Bacteria;p__Actinobacteria;c__Actinobacteria;o__Actinomycetales;f__Micrococcaceae;g__Rothia	0.0398842727752	0.0534432191969	0.0507026367688	0.00945169998763	0.0479066722609	0.0688623722797	0.0103726990408	0.00237089133937	0.0131875725414	0.00565400660839	0.044260056218	0.0255534278687	0.0290039738524	0.0526142751586	0.0127454503181	0.00944018739149	0.00613804265252	0.034232765001	0.0716503587194	0.00639086121519
k__Bacteria;p__Actinobacteria;c__Actinobacteria;o__Actinomycetales;f__Propionibacteriaceae;g__	0.000121222651665	4.03441406264e-05	5.19337325573e-05	1.21695707995e-05	0.000294322655667	0.000320405546175	4.20179301968e-05	4.82378705874e-06	4.56188003303e-05	0.0	7.12273504768e-05	9.18940632033e-05	3.2883684957e-05	0.000115977847895	8.94246418543e-05	1.21746032906e-05	2.01848936256e-05	0.0	0.0	6.49775984489e-05
k__Bacteria;p__Actinobacteria;c__Actinobacteria;o__Actinomycetales;f__Propionibacteriaceae;g__Propionibacterium	0.0	0.0	0.0	4.05652359984e-06	0.0	0.0	0.0	0.0	0.0	0.0	3.09684132508e-06	5.50263851517e-07	1.87906771183e-07	3.69784442563e-06	0.0	0.0	0.0	0.0	0.0	0.0
k__Bacteria;p__Actinobacteria;c__Actinobacteria;o__Bifidobacteriales;f__Bifidobacteriaceae;Other	0.0	0.0	0.0	0.0	0.0	7.52125695246e-07	0.0	0.0	0.0	0.0	0.0	0.0	1.31534739828e-06	0.0	0.0	0.0	0.0	0.0	0.0	0.0
k__Bacteria;p__Actinobacteria;c__Actinobacteria;o__Bifidobacteriales;f__Bifidobacteriaceae;g__Bifidobacterium	0.0	4.08548259508e-06	4.26122933803e-05	3.44804505986e-05	0.0	7.74689466104e-05	0.0	7.23568058812e-06	7.47849185742e-07	0.0	0.000119744531236	5.19999339683e-05	2.2548812542e-06	3.73146119314e-05	0.0	0.0	0.0	0.0	0.0	0.0
k__Bacteria;p__Actinobacteria;c__Actinobacteria;o__Bifidobacteriales;f__Bifidobacteriaceae;g__Scardovia	0.0	0.000386588790559	1.33163416813e-05	8.92435191965e-05	9.82681207137e-05	0.000601700556197	0.000108864637328	1.68832547056e-05	1.64526820863e-05	0.000432003701856	0.00014658382272	3.38412268683e-05	5.71236584396e-05	0.00226476162686	0.000434115988638	0.0	5.5049709888e-06	6.84655300019e-07	0.0	1.04802578143e-06
k__Bacteria;p__Actinobacteria;c__Coriobacteriia;o__Coriobacteriales;f__Coriobacteriaceae;g__	0.0	0.0	1.33163416813e-06	8.11304719968e-06	0.0	2.10595194669e-05	0.0	0.0	0.0	0.000178947140099	0.0	0.0	5.63720313549e-06	8.40419187644e-06	0.0	0.0	0.0	0.0	4.15665605334e-06	0.0
k__Bacteria;p__Actinobacteria;c__Coriobacteriia;o__Coriobacteriales;f__Coriobacteriaceae;g__Atopobium	0.000256587946024	0.000382503307964	0.000184431332287	0.000162260943994	0.000130060748003	0.00016772403004	0.000315134476476	2.05010949997e-05	0.000366446101013	0.000576607451431	0.00119021934927	6.6031662182e-05	0.000191664906607	0.00100850302517	8.12951289585e-05	4.86984131622e-06	2.20198839552e-05	6.84655300019e-06	3.53315764534e-05	8.59381140776e-05
k__Bacteria;p__Bacteroidetes;c__Bacteroidia;o__Bacteroidales;f__;g__	0.000204058130302	5.61753856823e-05	0.000729735524138	0.00102427220896	0.000285170232659	0.000230150462745	0.000185260874049	2.65308288231e-05	0.000989404472736	0.00515331612549	0.00107047481803	9.18940632033e-05	0.000203690939962	0.000673680020816	0.000437367793797	0.000482114290306	6.78946421952e-05	1.36931060004e-06	9.35247612001e-05	3.56328765688e-05
k__Bacteria;p__Bacteroidetes;c__Bacteroidia;o__Bacteroidales;f__BS11;g__	0.0	0.0	0.0	0.0	0.0	6.99476896579e-05	0.0	2.41189352937e-05	1.64526820863e-05	0.0	0.0	2.69629287243e-05	0.0	0.000461222050179	0.0	0.000104701588299	0.0	0.0	0.0	0.0
k__Bacteria;p__Bacteroidetes;c__Bacteroidia;o__Bacteroidales;f__Bacteroidaceae;g__Bacteroides	0.0	0.0	2.06403296061e-05	0.0	0.0	8.27338264771e-06	0.0	0.0	7.47849185742e-07	0.0	0.000285941682349	0.000106751187194	6.85859714818e-05	9.27822783159e-05	0.0	0.000158269842777	0.0	0.0	5.40365286934e-05	0.0
k__Bacteria;p__Bacteroidetes;c__Bacteroidia;o__Bacteroidales;f__Porphyromonadaceae;g__Paludibacter	2.82852853884e-05	3.77907140045e-05	0.000227709442751	4.25934977983e-05	0.000599242853764	0.000284303512803	0.00020435993323	4.58259770581e-05	0.0011225216278	0.0014966488081	0.000348910789292	8.94178758715e-05	0.000242775548368	0.000512319536788	3.25180515834e-05	6.08730164528e-05	0.000132119303731	1.36931060004e-06	0.000160031258054	0.0007451463306
k__Bacteria;p__Bacteroidetes;c__Bacteroidia;o__Bacteroidales;f__Porphyromonadaceae;g__Porphyromonas	0.0305137618015	0.0260766140337	0.0412007611621	0.016321422704	0.0481301840649	0.0073257042717	0.0681607224028	0.0112961033448	0.168622043004	0.062434476426	0.019687652584	0.0733408169217	0.026722973557	0.0233619725781	0.0649759447713	0.123060890061	0.0496346534254	0.016277679758	0.115476061818	0.00409673277963
k__Bacteria;p__Bacteroidetes;c__Bacteroidia;o__Bacteroidales;f__Porphyromonadaceae;g__Tannerella	0.000212139640413	9.65195263087e-05	0.000419464762962	0.000411737145384	0.000280834874393	0.000565598522825	7.25764248853e-05	6.39151785284e-05	0.00264289902241	0.00236788639929	0.00133783545243	0.000151872823019	0.000387087948637	0.00110397464489	3.57698567417e-05	0.00021914285923	2.7524854944e-05	0.000240998665607	0.000110151385413	0.000187596614877
k__Bacteria;p__Bacteroidetes;c__Bacteroidia;o__Bacteroidales;f__Prevotellaceae;g__Prevotella	0.301410021477	0.357443468411	0.297572297748	0.301355081709	0.143752291116	0.0786663307172	0.490817172346	0.270458886863	0.114224241083	0.202259072078	0.326047842069	0.0973155378004	0.113444391246	0.210881680408	0.568438304314	0.169112544468	0.219905241099	0.0175696243091	0.0588208398108	0.340335892263
k__Bacteria;p__Bacteroidetes;c__Bacteroidia;o__Bacteroidales;f__[Paraprevotellaceae];g__	0.0	1.53205597315e-06	3.32908542034e-06	1.82543561993e-05	0.0	2.18116451621e-05	0.0	0.0	0.0	2.16905624363e-05	2.37424501589e-05	3.02645118334e-06	3.13804307875e-05	9.07652722656e-05	1.78849283709e-05	0.0	1.8349903296e-05	0.0	4.15665605334e-06	0.0
k__Bacteria;p__Bacteroidetes;c__Bacteroidia;o__Bacteroidales;f__[Paraprevotellaceae];g__[Prevotella]	0.0690039740826	0.00910909413105	0.0048684545187	0.00774187529029	0.00585032512778	0.00288515416696	0.00290114708949	0.000354548348818	0.0502285427112	0.00957096067501	0.0260723071158	0.00521870236779	0.0105712591332	0.0141187061847	0.00200473788012	0.0193284001841	0.0022129983375	0.000657953743319	0.000646360016294	0.0122818141326
k__Bacteria;p__Bacteroidetes;c__Cytophagia;o__Cytophagales;f__Cytophagaceae;g__	4.04075505549e-06	0.0	0.0	0.0	0.0	0.0	0.0	0.0	0.0	0.0	0.0	0.0	0.0	0.0	0.0	0.0	0.0	0.0	0.0	0.0
k__Bacteria;p__Bacteroidetes;c__Flavobacteriia;o__Flavobacteriales;Other;Other	0.0	0.0	0.0	0.0	0.0	0.0	0.0	0.0	2.24354755723e-06	0.0	0.0	7.97882584699e-06	0.0	1.1765868627e-05	0.0	0.0	0.0	0.0	0.0	0.0
k__Bacteria;p__Bacteroidetes;c__Flavobacteriia;o__Flavobacteriales;f__Flavobacteriaceae;g__Capnocytophaga	0.00286489533434	0.00167709060528	0.000566610338541	0.000935028689763	0.00235650807123	0.0019149120201	0.00043736845523	0.00114323753292	0.00451102628839	0.00300233535056	0.00137293298745	0.00284734029967	0.00186384726336	0.0036349810704	0.000382087106105	0.00159487303106	0.000592701876461	0.00112283469203	0.000114308041467	0.00100296067283
k__Bacteria;p__Bacteroidetes;c__Flavobacteriia;o__Flavobacteriales;f__Flavobacteriaceae;g__Myroides	0.0	0.0	0.0	0.0	0.0	0.0	0.0	0.0	0.0	0.0	0.0	0.0	0.0	3.36167675058e-07	4.87770773751e-06	0.0	0.0	0.0	0.0	0.0
k__Bacteria;p__Bacteroidetes;c__Flavobacteriia;o__Flavobacteriales;f__[Weeksellaceae];g__	0.00057378721788	0.00268365137964	0.000519337325573	0.000642958990575	0.000800114453458	0.000604709058978	0.000187170779967	0.000529410629697	0.00213211802855	0.000540456514037	0.000708144383001	0.00108291925979	0.00139971753854	0.000924124938733	0.000104057765067	0.000494288893596	0.000471592514707	0.000872935507525	0.00144859463459	0.000510388555558
k__Bacteria;p__Bacteroidetes;c__Flavobacteriia;o__Flavobacteriales;f__[Weeksellaceae];g__Chryseobacterium	4.04075505549e-06	0.0	0.0	2.02826179992e-06	0.0	0.0	0.0	0.0	0.0	0.0	2.06456088338e-06	0.0	5.63720313549e-07	0.0	0.0	0.0	0.0	0.0	0.0	0.0
k__Bacteria;p__Bacteroidetes;c__Flavobacteriia;o__Flavobacteriales;f__[Weeksellaceae];g__Wautersiella	0.0	0.0	0.0	0.0	0.0	0.0	0.0	0.0	0.0	0.0	0.0	0.0	1.87906771183e-07	0.0	0.0	0.0	0.0	3.4232765001e-06	0.0	0.0
k__Bacteria;p__Chlorobi;c__OPB56;o__;f__;g__	0.0	0.0	0.0	0.0	0.0	6.76913125722e-06	0.0	1.20594676469e-06	0.0	0.0	0.0	0.0	0.0	6.72335350115e-07	0.0	1.21746032906e-05	0.0	0.0	0.0	0.0
k__Bacteria;p__Chloroflexi;c__Anaerolineae;o__Anaerolineales;f__Anaerolinaceae;g__SHD-231	0.0	0.0	0.0	0.0	0.0	0.0	0.0	1.20594676469e-06	0.0	0.0	0.0	0.0	3.75813542366e-07	6.72335350115e-07	0.0	0.0	0.0	0.0	0.0	0.0
k__Bacteria;p__Cyanobacteria;c__Chloroplast;o__Streptophyta;f__;g__	0.0	2.04274129754e-06	1.33163416813e-05	1.62260943994e-05	4.04633438233e-05	2.93329021146e-05	4.39278361148e-05	8.4416273528e-06	1.49569837148e-06	6.14565935695e-05	4.33557785511e-05	7.97882584699e-06	0.000933332932466	0.00327326465204	8.94246418543e-05	0.0	0.00100190471996	6.16189770017e-06	2.07832802667e-06	4.19210312574e-06
k__Bacteria;p__Firmicutes;c__Bacilli;Other;Other;Other	0.0	0.0	6.65817084067e-07	0.0	0.0	0.0	0.0	0.0	0.0	1.80754686969e-06	0.0	2.75131925758e-07	1.87906771183e-07	6.72335350115e-07	0.0	0.0	0.0	0.0	0.0	1.04802578143e-06
k__Bacteria;p__Firmicutes;c__Bacilli;o__Bacillales;Other;Other	3.23260404439e-05	2.55342662192e-06	6.65817084067e-06	1.01413089996e-05	0.0	6.01700556197e-06	0.0	1.20594676469e-06	8.9741902289e-06	0.0	5.3678582968e-05	2.20105540607e-06	9.77115210151e-06	1.98338928284e-05	8.12951289585e-06	0.0	7.3399613184e-06	5.47724240016e-06	0.0	0.0
k__Bacteria;p__Firmicutes;c__Bacilli;o__Bacillales;f__Bacillaceae;g__Anoxybacillus	0.0	0.0	0.0	0.0	0.0	0.0	0.0	0.0	0.0	0.0	0.0	0.0	0.0	0.0	0.0	0.0	0.0	0.0	0.0	2.09605156287e-06
k__Bacteria;p__Firmicutes;c__Bacilli;o__Bacillales;f__Bacillaceae;g__Bacillus	0.0	0.0	0.0	0.0	1.44511942226e-06	7.52125695246e-07	0.0	1.20594676469e-06	0.0	0.0	5.57431438514e-05	2.75131925758e-07	3.57022865248e-06	9.07652722656e-06	0.0	0.0	0.0	0.0	0.0	0.0
k__Bacteria;p__Firmicutes;c__Bacilli;o__Bacillales;f__Staphylococcaceae;g__Salinicoccus	0.0	0.0	0.0	4.05652359984e-06	0.0	0.0	0.0	0.0	0.0	3.61509373938e-06	0.0	0.0	0.0	0.0	0.0	0.0	0.0	0.0	0.0	0.0
k__Bacteria;p__Firmicutes;c__Bacilli;o__Bacillales;f__[Exiguobacteraceae];g__Exiguobacterium	0.0	0.0	0.0	0.0	0.0	0.0	0.0	0.0	0.0	0.0	0.0	0.0	0.0	0.0	0.0	0.0	0.0	1.36931060004e-06	0.0	0.0
k__Bacteria;p__Firmicutes;c__Bacilli;o__Gemellales;f__Gemellaceae;g__	0.0351788135131	0.0169956075955	0.0225399057469	0.0163335922748	0.0129410444263	0.0272269501679	0.0286581383001	0.0104688238642	0.0379683031601	0.029475666804	0.0210512950474	0.0307179292471	0.0295443937263	0.0199767640903	0.0551034643106	0.0615401847131	0.0279377277682	0.0274471463225	0.0211095777669	0.00741478240365
k__Bacteria;p__Firmicutes;c__Bacilli;o__Gemellales;f__Gemellaceae;g__Gemella	2.02037752774e-06	2.04274129754e-06	6.65817084067e-07	0.0	7.2255971113e-06	7.52125695246e-07	0.0	0.0	2.99139674297e-06	0.0	0.0	2.75131925758e-06	0.0	1.27743716522e-05	0.0	9.73968263244e-06	0.0	0.0	0.0	0.0
k__Bacteria;p__Firmicutes;c__Bacilli;o__Lactobacillales;f__Aerococcaceae;Other	2.02037752774e-06	4.08548259508e-06	6.65817084067e-07	0.0	0.0	0.0	5.7297177541e-06	0.0	0.0	0.0	0.0	5.50263851517e-07	1.87906771183e-07	1.68083837529e-06	0.0	0.0	1.8349903296e-06	0.0	0.0	0.0
k__Bacteria;p__Firmicutes;c__Bacilli;o__Lactobacillales;f__Aerococcaceae;g__	0.00662481791348	0.00653064392823	0.00160195590427	0.000815361243568	0.000281798287341	0.00183142606792	0.0061842753626	3.01486691172e-05	0.000799450779558	0.000225943358711	2.99361328091e-05	0.00323802763425	0.000930138517355	0.00569266340943	1.62590257917e-06	0.0036791651144	0.00745006073818	1.64317272005e-05	0.0175930467458	0.000804883800141
k__Bacteria;p__Firmicutes;c__Bacilli;o__Lactobacillales;f__Aerococcaceae;g__Abiotrophia	0.0	5.10685324385e-07	0.0	0.0	0.0	0.0	0.0	0.0	0.0	0.0	0.0	0.0	3.75813542366e-07	6.72335350115e-07	0.0	0.0	0.0	0.0	0.0	0.0
k__Bacteria;p__Firmicutes;c__Bacilli;o__Lactobacillales;f__Carnobacteriaceae;g__Granulicatella	0.00200017375247	0.00135331610962	0.000203740027725	0.00126969188675	0.000257231257162	0.00198410758406	0.000620719423361	4.82378705874e-06	9.12376006605e-05	0.00520935007845	0.000998215187116	0.00211328832175	0.00146642444231	0.00139677668986	0.000931642177864	0.00171905398463	0.00091933015513	0.00105368450673	0.000396960653094	0.000132051248461
k__Bacteria;p__Firmicutes;c__Bacilli;o__Lactobacillales;f__Lactobacillaceae;g__	0.0	0.0	0.0	0.0	0.0	7.52125695246e-07	0.0	0.0	0.0	0.0	6.709822871e-05	1.37565962879e-06	0.0	8.06802420138e-06	0.000133324011492	0.0	1.8349903296e-06	0.0	0.0	0.0
k__Bacteria;p__Firmicutes;c__Bacilli;o__Lactobacillales;f__Lactobacillaceae;g__Lactobacillus	0.0	0.000326838607606	0.000396826982104	0.000545602424179	2.40853237043e-06	0.000273021627374	0.000112684449164	2.65308288231e-05	0.0	0.00338011264632	7.22596309185e-06	7.97882584699e-06	0.000128340324718	0.00362052586037	7.31656160626e-05	5.35682544784e-05	9.174951648e-06	3.4917420301e-05	1.870495224e-05	0.00249534938559
k__Bacteria;p__Firmicutes;c__Bacilli;o__Lactobacillales;f__Leuconostocaceae;Other	2.22241528052e-05	0.0	9.32143917694e-06	0.0	0.0	0.0	0.0	0.0	0.0	0.0	5.47108634097e-05	2.75131925758e-07	3.75813542366e-07	0.00041079689892	4.87770773751e-06	0.0	1.10099419776e-05	0.0	0.0	0.0
k__Bacteria;p__Firmicutes;c__Bacilli;o__Lactobacillales;f__Leuconostocaceae;g__	0.0	0.0	0.0	0.0	0.0	0.0	0.0	0.0	0.0	0.0	2.06456088338e-06	0.0	0.0	1.24382039771e-05	0.0	0.0	1.8349903296e-06	0.0	0.0	0.0
k__Bacteria;p__Firmicutes;c__Bacilli;o__Lactobacillales;f__Leuconostocaceae;g__Leuconostoc	0.0	0.0	0.0	6.08478539976e-06	0.0	0.0	0.0	0.0	0.0	0.0	0.0	0.0	0.0	6.72335350115e-07	3.25180515834e-06	0.0	1.8349903296e-06	0.0	0.0	0.0
k__Bacteria;p__Firmicutes;c__Bacilli;o__Lactobacillales;f__Leuconostocaceae;g__Weissella	0.0	0.0	0.0	0.0	0.0	0.0	0.0	0.0	0.0	0.0	4.12912176677e-06	0.0	0.0	2.3531737254e-06	1.62590257917e-06	0.0	7.3399613184e-06	0.0	0.0	0.0
k__Bacteria;p__Firmicutes;c__Bacilli;o__Lactobacillales;f__Streptococcaceae;g__Lactococcus	0.0	0.0	0.0	0.0	0.0	3.00850278098e-06	0.0	0.0	0.0	0.0	3.81943763426e-05	0.0	0.0	1.07573656018e-05	6.66620057459e-05	0.0	0.0	0.0	0.0	2.09605156287e-06
k__Bacteria;p__Firmicutes;c__Bacilli;o__Lactobacillales;f__Streptococcaceae;g__Streptococcus	0.199544606905	0.244134651378	0.216528376458	0.435682804194	0.495450523205	0.437017370343	0.298785681817	0.21435824337	0.131600516913	0.317347388818	0.243748251575	0.377431753526	0.467817395206	0.391538188984	0.145610957283	0.131018210772	0.379861348131	0.506373798516	0.227936469669	0.445774622056
k__Bacteria;p__Firmicutes;c__Clostridia;o__Clostridiales;Other;Other	0.0	1.37885037584e-05	6.59158913227e-05	5.0706544998e-05	1.58963136449e-05	2.03073937716e-05	7.63962367214e-06	1.20594676469e-06	0.000117412322161	0.000285592405411	0.000477945844503	1.45819920652e-05	3.26957781858e-05	0.000113288506494	0.000190230601763	1.46095239487e-05	1.8349903296e-06	0.0	4.15665605334e-06	0.0
k__Bacteria;p__Firmicutes;c__Clostridia;o__Clostridiales;f__;g__	0.00204664243561	0.00437299843271	0.00402885917569	0.00191467913912	0.00122016249886	0.00205480739941	0.00450164824881	0.00103832016439	0.00101109209912	0.00646921024662	0.00746235531299	0.00260687499656	0.00368410015581	0.00223921288356	0.0108789141572	0.00350385082702	0.000363328085261	0.0037094624155	0.000964344204374	0.000125763093772
k__Bacteria;p__Firmicutes;c__Clostridia;o__Clostridiales;f__Christensenellaceae;g__Christensenella	0.0	0.0	0.0	0.0	0.0	1.50425139049e-06	0.0	0.0	0.0	0.0	0.0	0.0	1.50325416946e-06	2.3531737254e-06	1.62590257917e-06	0.0	0.0	0.0	0.0	0.0
k__Bacteria;p__Firmicutes;c__Clostridia;o__Clostridiales;f__Clostridiaceae;g__	0.0	0.0	0.0	0.0	0.0	0.0	0.0	0.0	4.11317052158e-05	0.0	0.0	5.50263851517e-06	1.50325416946e-06	3.36167675058e-05	0.0	2.67841272392e-05	0.0	0.0	0.0	0.0
k__Bacteria;p__Firmicutes;c__Clostridia;o__Clostridiales;f__Clostridiaceae;g__Clostridium	0.0	0.0	0.0	0.0	0.0	0.0	0.0	0.0	0.0	0.0	1.03228044169e-06	0.0	5.63720313549e-07	3.36167675058e-07	0.0	0.0	0.0	0.0	0.0	0.0
k__Bacteria;p__Firmicutes;c__Clostridia;o__Clostridiales;f__Eubacteriaceae;g__Pseudoramibacter_Eubacterium	0.0	5.10685324385e-07	0.0	4.66500213982e-05	0.0	3.00850278098e-06	0.0	0.0	1.27134361576e-05	0.00017713959323	3.09684132508e-06	5.50263851517e-07	2.81860156774e-06	9.07652722656e-06	0.0	0.0	0.0	0.0	0.0	1.04802578143e-06
k__Bacteria;p__Firmicutes;c__Clostridia;o__Clostridiales;f__Lachnospiraceae;Other	0.00402257165774	0.000528048625414	0.00363402964484	0.000918802595364	0.00148558276608	0.000266252496117	0.00168262711379	2.17070417643e-05	0.00169986119919	0.000912811169194	0.00329194232856	0.00091068667426	0.00278402672185	0.00146165705115	0.000947901203656	0.000625774609134	0.000541322147232	0.00497059747814	0.00830292046654	0.00133937694867
k__Bacteria;p__Firmicutes;c__Clostridia;o__Clostridiales;f__Lachnospiraceae;g__	0.00132132690315	0.00152388500796	0.00275714854512	0.00101818742356	0.00173462501319	0.00127710943053	0.000120324072836	1.56773079409e-05	0.0101213908798	0.0011387545279	0.002708703879	0.00062399920762	0.00246627637178	0.00132382830438	0.000121942693438	0.000465069845699	9.72544874689e-05	0.00152678131904	0.0002805742836	0.00226792779102
k__Bacteria;p__Firmicutes;c__Clostridia;o__Clostridiales;f__Lachnospiraceae;g__Butyrivibrio	0.000593990993157	0.00048106557557	8.98853063491e-05	0.00025556098679	0.000199908186746	4.73839188005e-05	0.000164251908951	1.20594676469e-06	4.48709511445e-06	0.00029282259289	0.000245682745123	0.000116655936522	0.00137942360725	0.000193632580833	0.000164216160496	9.73968263244e-06	3.48648162624e-05	9.31131208026e-05	3.32532484267e-05	0.00326460030917
k__Bacteria;p__Firmicutes;c__Clostridia;o__Clostridiales;f__Lachnospiraceae;g__Catonella	0.00106069820207	0.000102137064877	0.0011199043354	0.000389426265585	0.00033237746712	0.000422694640728	7.63962367214e-05	0.0	0.00417075490888	0.00105018473129	0.00093937520194	0.000424528561445	0.000830360021857	0.000820249127141	2.60144412667e-05	0.00066960318098	5.5049709888e-06	0.00100507398043	0.00193908004888	0.0
k__Bacteria;p__Firmicutes;c__Clostridia;o__Clostridiales;f__Lachnospiraceae;g__Moryella	0.00231939340185	0.00356356219356	0.00462876036844	0.00159421377474	0.000921022778454	0.000512197598463	0.000626449141115	2.2912988529e-05	0.000764301867828	0.00224316566529	0.0042684796264	0.000387936015319	0.0066113118373	0.00311224033568	0.000269899828142	0.000228882541862	0.00059820684745	0.00202110244566	0.0034604161644	0.00205203448005
k__Bacteria;p__Firmicutes;c__Clostridia;o__Clostridiales;f__Lachnospiraceae;g__Oribacterium	0.0112312786767	0.0186333754308	0.0112855995749	0.00169562686473	0.00527709442362	0.00412240093564	0.00231098616082	0.000764570248811	0.00790626159166	0.00451705962736	0.0101937693617	0.00258431417865	0.00716676425292	0.0053897763342	0.00138039128971	0.000625774609134	0.000335803230317	0.0155765927307	0.000309670875974	0.00348573374905
k__Bacteria;p__Firmicutes;c__Clostridia;o__Clostridiales;f__Lachnospiraceae;g__Shuttleworthia	0.000218200772996	6.58784068456e-05	0.000294291151158	6.08478539976e-05	4.09450502974e-05	0.000198561183545	3.05584946886e-05	0.0	0.000141343496105	0.000728441388485	0.000278715719257	1.76084432485e-05	0.000267391335393	0.000900929369154	0.000289410659092	4.86984131622e-06	0.00135972783423	3.4232765001e-06	8.31331210668e-06	0.0
k__Bacteria;p__Firmicutes;c__Clostridia;o__Clostridiales;f__Lachnospiraceae;g__[Ruminococcus]	0.0	0.0	0.0	0.0	0.0	0.0	0.0	0.0	0.0	0.0	2.06456088338e-06	0.0	0.0	0.0	0.0	0.0	0.0	0.0	0.0	0.0
k__Bacteria;p__Firmicutes;c__Clostridia;o__Clostridiales;f__Peptococcaceae;g__Peptococcus	4.04075505549e-06	5.10685324385e-07	1.06530733451e-05	2.02826179992e-06	4.33535826678e-06	2.25637708574e-06	0.0	0.0	5.98279348593e-06	0.0	2.06456088338e-06	3.02645118334e-06	0.0	4.37017977575e-06	8.12951289585e-06	9.73968263244e-06	1.8349903296e-06	0.0	0.0	0.0
k__Bacteria;p__Firmicutes;c__Clostridia;o__Clostridiales;f__Peptostreptococcaceae;g__	1.01018876387e-05	3.3194546085e-05	0.000123841977637	5.88195921977e-05	0.000266865386644	7.52125695246e-06	1.90990591803e-06	4.94438173521e-05	0.000413560599715	0.000155449030793	0.000117679970353	9.87723613473e-05	2.49916005673e-05	0.00020405377876	0.0	0.000209403176597	1.8349903296e-06	1.30084507004e-05	0.0	0.0
k__Bacteria;p__Firmicutes;c__Clostridia;o__Clostridiales;f__Peptostreptococcaceae;g__Filifactor	0.000731376665044	0.000430507728456	0.00311402650218	0.000602393754576	0.000291432416823	0.000283551387108	8.02160485574e-05	1.56773079409e-05	0.0136392734496	0.00953842483136	0.00341891282288	0.000619321964882	0.000304784782859	0.000765789963781	4.71511747959e-05	0.00234482859376	1.8349903296e-06	1.84856931005e-05	6.02715127734e-05	0.0
k__Bacteria;p__Firmicutes;c__Clostridia;o__Clostridiales;f__Peptostreptococcaceae;g__Peptostreptococcus	0.00247092171643	0.00613077731924	0.0111058289622	0.000285984913789	0.00104048598403	0.00378920925265	0.016963784364	7.71805929399e-05	0.00726535483948	0.000869430044321	0.0020377215919	0.000593184431935	0.000438950217483	0.00218508988787	0.00754093616219	0.0044120762325	0.000756016015796	0.000419009043612	3.94882325067e-05	0.000937983074384
k__Bacteria;p__Firmicutes;c__Clostridia;o__Clostridiales;f__Ruminococcaceae;g__Oscillospira	0.0	0.0	0.0	0.0	0.0	3.00850278098e-06	0.0	0.0	0.0	0.0	0.0	2.75131925758e-07	5.07348282194e-06	2.18508988787e-05	0.0	0.0	0.0	0.0	0.0	0.0
k__Bacteria;p__Firmicutes;c__Clostridia;o__Clostridiales;f__Ruminococcaceae;g__Ruminococcus	0.0	1.3277818434e-05	0.0	0.0	0.0	3.76062847623e-06	0.0	3.61784029406e-06	2.6174721501e-05	0.000202445249405	0.0	8.25395777275e-07	9.39533855915e-07	4.20209593822e-05	8.12951289585e-06	9.73968263244e-06	0.0	0.0	0.0	0.0
k__Bacteria;p__Firmicutes;c__Clostridia;o__Clostridiales;f__Veillonellaceae;g__	2.02037752774e-06	1.88953570022e-05	0.00416668331209	1.62260943994e-05	2.84206819711e-05	0.000176749538383	0.0	0.000674124241459	0.0	0.000421158420638	1.85810479505e-05	3.16401714622e-05	2.40520667114e-05	0.000324401806431	0.0	0.0	5.68847002176e-05	0.0	2.07832802667e-06	0.0
k__Bacteria;p__Firmicutes;c__Clostridia;o__Clostridiales;f__Veillonellaceae;g__Acidaminococcus	0.0	0.0	1.33163416813e-06	6.08478539976e-06	0.0	5.26487986672e-06	0.0	0.0	0.0	0.0	0.0	0.0	0.0	9.74886257667e-06	0.0	0.0	0.0	0.0	0.0	0.0
k__Bacteria;p__Firmicutes;c__Clostridia;o__Clostridiales;f__Veillonellaceae;g__Dialister	0.0120111444024	0.000250235808949	0.00147278738996	0.00100804611456	0.000237962998199	0.000340712939947	0.00074868311987	0.00564262491197	0.00133790219329	0.00702593468249	0.00143383753351	0.000376105342512	0.00118193359074	0.00220458761303	0.000526792435651	0.000435850797802	0.000390852940205	4.58719051013e-05	7.48198089601e-05	4.19210312574e-06
k__Bacteria;p__Firmicutes;c__Clostridia;o__Clostridiales;f__Veillonellaceae;g__Megasphaera	0.00699454700105	0.0194652818242	0.0138776254832	0.0049732979334	0.00206748418678	0.00635019724496	0.000378161371771	0.0299400403269	4.78623478875e-05	0.0112266736076	0.00947117305253	0.00104990342869	0.00593785396938	0.00750359867496	0.00142103885419	0.000823003182441	0.0013450479116	0.00171916945835	0.00685640415998	0.00763801189509
k__Bacteria;p__Firmicutes;c__Clostridia;o__Clostridiales;f__Veillonellaceae;g__Schwartzia	0.000381851352744	1.07243918121e-05	7.25740621633e-05	0.000103441351796	4.62438215123e-05	0.000117331608458	9.54952959017e-06	4.10021899993e-05	0.000309609562897	0.00177862611978	0.000340652545758	0.000110878166081	0.000152204484658	0.000389954503067	0.000178849283709	9.73968263244e-06	7.70695938432e-05	0.0	5.61148567201e-05	3.56328765688e-05
k__Bacteria;p__Firmicutes;c__Clostridia;o__Clostridiales;f__Veillonellaceae;g__Selenomonas	0.000583889105518	0.000258917459463	0.00234567358717	0.000630789419775	0.000430645587834	0.000741595935513	3.81981183607e-05	0.000892400605868	0.000345506323813	0.00426219551873	0.00258379794556	0.00118251701691	0.0014006570724	0.0019057345499	0.000687756790989	0.000265406351734	0.000710141257556	0.000269069532908	0.000164187914107	0.00164540047685
k__Bacteria;p__Firmicutes;c__Clostridia;o__Clostridiales;f__Veillonellaceae;g__Succiniclasticum	0.0	0.0	0.0	0.0	0.0	2.25637708574e-06	0.0	0.0	0.0	0.0	0.0	1.92592348031e-06	3.75813542366e-07	0.0	0.0	0.0	0.0	0.0	0.0	0.0
k__Bacteria;p__Firmicutes;c__Clostridia;o__Clostridiales;f__Veillonellaceae;g__Veillonella	0.0648682612833	0.092546394485	0.0484654913663	0.0749828104812	0.0300522217989	0.0503630886794	0.0296703884367	0.0612271231899	0.0197020867984	0.053376859062	0.0813385374031	0.0682836169943	0.0771785723144	0.0708671714112	0.051620780986	0.0537021751146	0.0677478429689	0.0552633218517	0.0779996508409	0.109368826473
k__Bacteria;p__Firmicutes;c__Clostridia;o__Clostridiales;f__[Acidaminobacteraceae];g__Fusibacter	0.0	0.0	0.0	0.0	0.0	0.0	0.0	0.0	0.0	0.0	0.0	0.0	0.0	3.02550907552e-06	0.0	2.43492065811e-06	0.0	0.0	0.0	0.0
k__Bacteria;p__Firmicutes;c__Clostridia;o__Clostridiales;f__[Mogibacteriaceae];g__	0.00309319799498	0.00213926082385	0.00762959796633	0.00115813748775	0.00282279993815	0.00306716858521	0.00105617797267	5.54735511756e-05	0.00696845871274	0.0181513856654	0.012933441654	0.000630327241912	0.00204837171266	0.00490771188817	0.00561911931361	0.00354280955755	4.22047775808e-05	0.000677124091719	0.000222381098854	0.000302879450834
k__Bacteria;p__Firmicutes;c__Clostridia;o__Clostridiales;f__[Mogibacteriaceae];g__Mogibacterium	1.21222651665e-05	6.638909217e-06	1.26505245973e-05	8.11304719968e-06	2.16767913339e-05	4.66317931053e-05	0.0	0.0	1.72005312721e-05	7.23018747876e-06	8.67115571021e-05	5.22750658941e-06	1.57841687794e-05	5.34506603342e-05	3.90216619001e-05	0.0	1.8349903296e-06	1.36931060004e-06	0.0	3.03927476616e-05
k__Bacteria;p__Firmicutes;c__Clostridia;o__Clostridiales;f__[Tissierellaceae];g__	0.0	2.04274129754e-06	1.79770612698e-05	3.04239269988e-05	0.0	1.57946396002e-05	0.0	1.32654144115e-05	5.38451413734e-05	6.50716873089e-05	3.81943763426e-05	1.51322559167e-05	1.07106859574e-05	5.88293431351e-05	0.000104057765067	2.92190478973e-05	2.20198839552e-05	0.0	2.07832802667e-05	0.0
k__Bacteria;p__Firmicutes;c__Clostridia;o__Clostridiales;f__[Tissierellaceae];g__Anaerococcus	0.0	0.0	0.0	0.0	0.0	0.0	0.0	0.0	0.0	0.0	0.0	0.0	0.0	6.72335350115e-07	0.0	0.0	0.0	0.0	0.0	0.0
k__Bacteria;p__Firmicutes;c__Clostridia;o__Clostridiales;f__[Tissierellaceae];g__Parvimonas	0.00270326513212	0.00356764767615	0.0117396868263	0.00100196132916	0.00131072331599	0.00198410758406	0.00370330757507	8.80341138221e-05	0.0229851447238	0.019058774194	0.0165908112589	0.00994877043542	0.00150269044915	0.00284263386029	0.00596218475781	0.012982996949	5.87196905472e-05	0.000175956412105	0.00216353947576	0.000381481384442
k__Bacteria;p__Firmicutes;c__Clostridia;o__Clostridiales;f__[Tissierellaceae];g__Peptoniphilus	0.0	0.0	0.0	0.0	0.0	9.02550834295e-06	0.0	7.23568058812e-06	0.0	3.25358436544e-05	2.06456088338e-05	0.0	5.4492963643e-05	0.000137828746774	0.0	2.67841272392e-05	0.0	6.84655300019e-07	0.0	0.0
k__Bacteria;p__Firmicutes;c__Erysipelotrichi;o__Erysipelotrichales;f__Erysipelotrichaceae;g__Bulleidia	0.0163549560871	0.00597450760998	0.00979883002622	0.00346021463066	0.0112757851454	0.00318525231937	0.000173801438541	0.00503965152962	0.00495076160961	0.0114724999819	0.0271386528121	0.00654153666683	0.00515616180126	0.007411488732	0.00517199610434	0.00410040638826	0.000541322147232	0.000587434247417	0.00412132447688	0.00234757775041
k__Bacteria;p__Firmicutes;c__Erysipelotrichi;o__Erysipelotrichales;f__Erysipelotrichaceae;g__Catenibacterium	0.0	0.0	0.0	0.0	0.0	0.0	0.0	0.0	0.0	0.0	0.0	0.0	0.0	6.72335350115e-07	0.0	0.0	0.0	0.0	0.0	0.0
k__Bacteria;p__Firmicutes;c__Erysipelotrichi;o__Erysipelotrichales;f__Erysipelotrichaceae;g__Sharpea	0.0	5.10685324385e-07	0.0	0.0	0.0	0.0	0.0	0.0	1.49569837148e-06	5.42264060907e-06	0.0	0.0	1.87906771183e-07	1.34467070023e-06	0.0	0.0	0.0	0.0	0.0	0.0
k__Bacteria;p__Firmicutes;c__Erysipelotrichi;o__Erysipelotrichales;f__Erysipelotrichaceae;g__[Eubacterium]	0.0	0.0	0.0	0.0	0.0	0.0	0.0	0.0	0.0	0.0	0.0	0.0	0.0	0.0	0.0	0.0	0.0	4.79258710014e-06	0.0	0.0
k__Bacteria;p__Fusobacteria;c__Fusobacteriia;o__Fusobacteriales;f__Fusobacteriaceae;g__Fusobacterium	0.0635166287172	0.0192763282542	0.0785244694437	0.0153093200658	0.00578673987321	0.00512724086449	0.00104089872533	0.0538214041079	0.0717546336736	0.0327889002162	0.019288160053	0.0188093941045	0.0139024703727	0.020618508182	0.000380461203526	0.0698505689192	0.00507374826135	0.0499688824166	0.0275565513056	0.00661304268085
k__Bacteria;p__Fusobacteria;c__Fusobacteriia;o__Fusobacteriales;f__Leptotrichiaceae;g__	0.000381851352744	0.000292622690872	0.0040368489807	0.0	1.44511942226e-06	0.000499411461643	0.0	0.000394344592052	0.00197506969954	0.0	5.16140220846e-06	0.00630162162757	0.0	0.000539212950792	0.0	0.0120065937651	0.0	2.73862120008e-06	0.0	2.09605156287e-06
k__Bacteria;p__Fusobacteria;c__Fusobacteriia;o__Fusobacteriales;f__Leptotrichiaceae;g__Leptotrichia	0.0365405479668	0.0111028096374	0.0311542471806	0.0158873746788	0.00660708599858	0.00273548115361	0.0118184978208	0.0223968433137	0.0404249877353	0.0121503300581	0.00697098982275	0.0151388590829	0.00856704551177	0.0181174206796	0.00186816206347	0.0127151556767	0.0419185190894	0.0198563730112	0.00253971684859	0.00546126234705
k__Bacteria;p__Fusobacteria;c__Fusobacteriia;o__Fusobacteriales;f__Leptotrichiaceae;g__Sneathia	0.0	0.0	0.0	0.0	0.0	1.35382625144e-05	0.0	0.0	0.0	0.0	5.16140220846e-06	0.0	1.07106859574e-05	5.54676663845e-05	0.0	2.43492065811e-06	0.0	0.000162263306105	0.0	0.0
k__Bacteria;p__GN02;c__BD1-5;o__;f__;g__	0.0	2.19594689485e-05	1.9974512522e-06	1.41978325994e-05	0.000178231395412	3.91105361528e-05	0.0	0.0	5.98279348593e-06	0.0	4.12912176677e-06	8.80422162427e-06	3.57022865248e-06	0.00011900335697	0.0	0.0	0.0	6.84655300019e-07	0.0	0.0
k__Bacteria;p__Proteobacteria;c__Alphaproteobacteria;Other;Other;Other	4.04075505549e-06	0.0	0.0	0.0	0.0	0.0	0.0	0.0	0.0	0.0	0.0	0.0	0.0	0.0	0.0	0.0	0.0	0.0	0.0	0.0
k__Bacteria;p__Proteobacteria;c__Alphaproteobacteria;o__;f__;g__	0.0	0.0	0.0	0.0	0.0	0.0	0.0	0.0	0.0	0.0	0.0	4.67724273789e-06	0.0	0.0	0.0	3.89587305298e-05	0.0	0.0	0.0	0.0
k__Bacteria;p__Proteobacteria;c__Alphaproteobacteria;o__Rhizobiales;Other;Other	6.06113258323e-06	0.0	6.65817084067e-07	0.0	0.0	0.0	0.0	0.0	0.0	0.0	0.0	0.0	3.75813542366e-07	0.0	0.0	0.0	0.0	0.0	0.0	0.0
k__Bacteria;p__Proteobacteria;c__Alphaproteobacteria;o__Rhizobiales;f__;g__	0.0	0.0	0.0	0.0	0.0	0.0	0.0	0.0	0.0	0.0	0.0	0.0	9.39533855915e-07	0.0	0.0	0.0	0.0	0.0	0.0	0.0
k__Bacteria;p__Proteobacteria;c__Alphaproteobacteria;o__Rhizobiales;f__Rhizobiaceae;g__Agrobacterium	0.0	0.0	0.0	0.0	0.0	0.0	0.0	0.0	0.0	0.0	0.0	0.0	5.63720313549e-07	0.0	0.0	0.0	0.0	0.0	0.0	0.0
k__Bacteria;p__Proteobacteria;c__Alphaproteobacteria;o__Rhodobacterales;f__Rhodobacteraceae;g__	0.0	0.0	0.0	0.0	0.0	0.0	0.0	0.0	0.0	0.0	0.0	0.0	7.51627084732e-07	0.0	0.0	0.0	0.0	0.0	0.0	0.0
k__Bacteria;p__Proteobacteria;c__Alphaproteobacteria;o__Rhodobacterales;f__Rhodobacteraceae;g__Paracoccus	0.0	0.0	0.0	0.0	0.0	0.0	0.0	0.0	0.0	0.0	0.0	0.0	0.0	6.72335350115e-07	0.0	0.0	0.0	0.0	0.0	0.0
k__Bacteria;p__Proteobacteria;c__Alphaproteobacteria;o__Rhodobacterales;f__Rhodobacteraceae;g__Rhodobacter	4.04075505549e-06	0.0	0.0	0.0	0.0	0.0	0.0	0.0	0.0	0.0	0.0	0.0	0.0	0.0	0.0	0.0	0.0	0.0	0.0	0.0
k__Bacteria;p__Proteobacteria;c__Alphaproteobacteria;o__Rickettsiales;f__;g__	0.0	0.0	0.0	0.0	0.0	2.25637708574e-06	0.0	0.0	0.0	0.0	0.0	0.0	0.0	0.0	0.0	0.0	0.0	0.0	0.0	0.0
k__Bacteria;p__Proteobacteria;c__Alphaproteobacteria;o__Sphingomonadales;f__Sphingomonadaceae;g__Novosphingobium	0.0	0.0	0.0	0.0	0.0	0.0	0.0	0.0	0.0	0.0	0.0	0.0	0.0	0.0	0.0	0.0	0.0	0.0	4.15665605334e-06	0.0
k__Bacteria;p__Proteobacteria;c__Alphaproteobacteria;o__Sphingomonadales;f__Sphingomonadaceae;g__Sphingobium	0.0	0.0	0.0	0.0	0.0	0.0	0.0	0.0	0.0	0.0	0.0	0.0	7.51627084732e-07	0.0	0.0	0.0	0.0	0.0	0.0	0.0
k__Bacteria;p__Proteobacteria;c__Alphaproteobacteria;o__Sphingomonadales;f__Sphingomonadaceae;g__Sphingopyxis	6.06113258323e-06	0.0	0.0	0.0	0.0	0.0	0.0	0.0	0.0	0.0	0.0	0.0	0.0	0.0	0.0	0.0	0.0	0.0	0.0	0.0
k__Bacteria;p__Proteobacteria;c__Betaproteobacteria;o__Burkholderiales;f__Alcaligenaceae;g__Sutterella	0.0	0.0	0.0	0.0	0.0	0.0	0.0	1.20594676469e-06	0.0	0.0	0.0	0.0	0.0	3.69784442563e-06	0.0	0.0	0.0	0.0	0.0	0.0
k__Bacteria;p__Proteobacteria;c__Betaproteobacteria;o__Burkholderiales;f__Burkholderiaceae;g__Lautropia	0.00319623724889	0.000223680172081	0.000145813941411	0.000693665535573	0.000981717794189	0.000467822182443	4.01080242787e-05	2.05010949997e-05	0.000587061610807	6.86867810482e-05	0.000100131202844	0.00137813581612	0.000217220227487	0.000485426122783	5.52806876918e-05	2.1914285923e-05	0.0	0.0	0.00011846469752	0.000367857049283
k__Bacteria;p__Proteobacteria;c__Betaproteobacteria;o__Burkholderiales;f__Comamonadaceae;g__	0.0	0.0	0.0	0.0	0.000106457130773	1.57946396002e-05	0.0	0.0	0.0	0.0	0.0	6.35554748502e-05	1.87906771183e-06	9.84971287919e-05	1.62590257917e-06	0.0	0.0	0.0	2.07832802667e-06	0.0
k__Bacteria;p__Proteobacteria;c__Betaproteobacteria;o__Burkholderiales;f__Comamonadaceae;g__Comamonas	0.0	0.0	0.0	0.0	0.0	0.0	0.0	0.0	0.0	7.23018747876e-06	0.0	0.0	0.0	0.0	0.0	0.0	0.0	0.0	0.0	0.0
k__Bacteria;p__Proteobacteria;c__Betaproteobacteria;o__Burkholderiales;f__Comamonadaceae;g__Hydrogenophaga	0.0	0.0	0.0	0.0	0.0	0.0	0.0	0.0	0.0	0.0	0.0	0.0	3.75813542366e-07	0.0	0.0	0.0	0.0	0.0	0.0	0.0
k__Bacteria;p__Proteobacteria;c__Betaproteobacteria;o__Burkholderiales;f__Comamonadaceae;g__Methylibium	0.0	0.0	0.0	0.0	0.0	0.0	0.0	0.0	0.0	0.0	0.0	0.0	0.0	0.0	0.0	0.0	0.0	2.05396590006e-06	0.0	0.0
k__Bacteria;p__Proteobacteria;c__Betaproteobacteria;o__Burkholderiales;f__Oxalobacteraceae;Other	0.0	0.0	0.0	0.0	0.0	0.0	0.0	0.0	0.0	0.0	0.0	0.0	5.63720313549e-07	0.0	0.0	0.0	0.0	0.0	0.0	0.0
k__Bacteria;p__Proteobacteria;c__Betaproteobacteria;o__Burkholderiales;f__Oxalobacteraceae;g__Ralstonia	0.0	0.0	0.0	0.0	0.0	0.0	0.0	0.0	0.0	0.0	0.0	0.0	0.0	0.0	0.0	0.0	0.0	0.0	6.23498408001e-06	0.0
k__Bacteria;p__Proteobacteria;c__Betaproteobacteria;o__Neisseriales;f__Neisseriaceae;Other	0.000854619694236	0.000899827541566	0.000129834331393	0.000594280707377	0.000728821895293	0.000354251202461	1.90990591803e-06	4.82378705874e-06	0.000247538080481	0.0	0.000148648383604	0.000209100263576	0.00142170263077	0.000578544568774	0.000143079426967	0.0010518857243	3.85347969216e-05	6.84655300019e-07	0.00368071893523	7.65058820447e-05
k__Bacteria;p__Proteobacteria;c__Betaproteobacteria;o__Neisseriales;f__Neisseriaceae;g__	1.01018876387e-05	0.000127671331096	5.32653667254e-05	8.72152573966e-05	0.00245140424663	0.00247825416584	9.54952959017e-06	0.000203805003232	0.00122497696625	0.000110260359051	0.000539882671005	0.00376490527208	0.000684168553877	0.000952363023438	6.66620057459e-05	0.00292433971039	0.0	6.16189770017e-06	0.00703098371422	1.04802578143e-06
k__Bacteria;p__Proteobacteria;c__Betaproteobacteria;o__Neisseriales;f__Neisseriaceae;g__Eikenella	0.000735417420099	0.000249725123624	8.25613184244e-05	2.4339141599e-05	0.000260121496007	0.00024519297665	0.000190990591803	0.000121800623233	6.6558577531e-05	0.000332588624023	8.98083984272e-05	0.00104192460285	0.000115750571049	0.000565434029447	4.87770773751e-06	0.000681777784271	0.0	5.68263899016e-05	0.0003740990448	0.000102706526581
k__Bacteria;p__Proteobacteria;c__Betaproteobacteria;o__Neisseriales;f__Neisseriaceae;g__Kingella	0.000280832476357	0.000237468675839	3.26250371193e-05	6.89609011973e-05	0.000156072897604	0.000190287800897	9.54952959017e-06	0.000123006569998	7.47849185742e-07	0.000251249014887	5.98722656181e-05	0.000189290764922	7.77934032697e-05	0.000223887671588	6.50361031668e-06	0.0001801841287	1.46799226368e-05	0.0	0.0	3.87769539131e-05
k__Bacteria;p__Proteobacteria;c__Betaproteobacteria;o__Neisseriales;f__Neisseriaceae;g__Neisseria	0.0144376178133	0.00804584728568	0.00179970357823	0.0381069826969	0.070638400773	0.154410653108	0.000103134919574	0.0297675899395	0.10046830316	0.000894735700497	0.00595522586812	0.10835493119	0.084377656532	0.0107782079977	0.000843843438589	0.186673192254	0.000189004003949	0.127470493068	0.257357281214	0.000360520868813
k__Bacteria;p__Proteobacteria;c__Betaproteobacteria;o__Rhodocyclales;f__Rhodocyclaceae;g__Azospira	0.0	0.0	0.0	0.0	0.0	1.50425139049e-06	0.0	0.0	0.0	0.0	0.0	0.0	0.0	0.0	0.0	0.0	0.0	0.0	0.0	0.0
k__Bacteria;p__Proteobacteria;c__Betaproteobacteria;o__Rhodocyclales;f__Rhodocyclaceae;g__Propionivibrio	0.0	0.0	1.33163416813e-06	6.08478539976e-06	2.89023884452e-06	1.50425139049e-06	0.0	0.0	7.47849185742e-07	1.26528280878e-05	0.0	1.92592348031e-06	2.63069479656e-06	4.03401210069e-06	0.0	0.0	0.0	0.0	0.0	0.0
k__Bacteria;p__Proteobacteria;c__Deltaproteobacteria;o__Desulfobacterales;f__Desulfobulbaceae;g__Desulfobulbus	0.0	5.10685324385e-07	1.9974512522e-06	6.08478539976e-06	1.92682589635e-06	4.51275417148e-06	0.0	0.0	7.47849185742e-07	3.61509373938e-06	6.19368265015e-06	2.75131925758e-07	3.75813542366e-07	1.04211979268e-05	0.0	0.0	0.0	0.0	2.07832802667e-06	0.0
k__Bacteria;p__Proteobacteria;c__Deltaproteobacteria;o__Desulfovibrionales;f__Desulfomicrobiaceae;g__Desulfomicrobium	1.81833977497e-05	5.10685324385e-07	0.0	0.0	0.0	1.50425139049e-06	0.0	1.08535208822e-05	4.26274035873e-05	0.000108452812181	4.12912176677e-06	4.67724273789e-06	4.88557605076e-06	5.04251512586e-06	0.0	7.30476197433e-06	0.0	0.0	1.246996816e-05	0.0
k__Bacteria;p__Proteobacteria;c__Deltaproteobacteria;o__Desulfovibrionales;f__Desulfovibrionaceae;g__Bilophila	0.0	0.0	0.0	0.0	0.0	0.0	0.0	0.0	0.0	0.0	3.09684132508e-06	0.0	0.0	0.0	0.0	0.0	0.0	0.0	0.0	0.0
k__Bacteria;p__Proteobacteria;c__Deltaproteobacteria;o__Desulfovibrionales;f__Desulfovibrionaceae;g__Desulfovibrio	0.0	0.0	0.0	0.0	0.0	1.57946396002e-05	0.0	0.0	1.64526820863e-05	5.78414998301e-05	3.09684132508e-06	5.50263851517e-07	1.91664906607e-05	2.55487433044e-05	6.50361031668e-06	4.86984131622e-06	0.0	0.0	2.07832802667e-05	0.0
k__Bacteria;p__Proteobacteria;c__Epsilonproteobacteria;o__Campylobacterales;f__Campylobacteraceae;g__Campylobacter	0.00134153067842	0.000133288869664	0.00161660388012	0.000178487038393	0.000219658152184	0.000402387246957	1.14594355082e-05	0.000682565868812	0.0020191928015	0.00732237236912	0.00308548624022	0.000324380540469	0.00089424832406	0.000944294999237	3.57698567417e-05	0.00122963493235	6.60596518656e-05	0.00167672082975	3.53315764534e-05	2.72486703173e-05
k__Bacteria;p__Proteobacteria;c__Epsilonproteobacteria;o__Campylobacterales;f__Helicobacteraceae;Other	0.0	0.0	0.0	0.0	4.81706474087e-07	0.0	0.0	0.0	0.0	0.0	0.0	0.0	0.0	1.00850302517e-06	0.0	2.43492065811e-06	0.0	0.0	0.0	0.0
k__Bacteria;p__Proteobacteria;c__Epsilonproteobacteria;o__Campylobacterales;f__Helicobacteraceae;g__Helicobacter	0.0	0.0	0.0	0.0025495250825	0.0	0.0	1.90990591803e-06	0.0	0.0	0.0	0.0	1.37565962879e-06	0.0	3.36167675058e-07	0.0	0.0	0.0	0.0	0.0	0.0
k__Bacteria;p__Proteobacteria;c__Gammaproteobacteria;o__Aeromonadales;f__Aeromonadaceae;Other	0.0	0.0	0.0	0.0	0.0	0.0	0.0	0.0	0.0	0.0	0.0	0.0	0.0	3.36167675058e-07	1.62590257917e-06	0.0	0.0	0.0	0.0	0.0
k__Bacteria;p__Proteobacteria;c__Gammaproteobacteria;o__Cardiobacteriales;f__Cardiobacteriaceae;g__Cardiobacterium	4.04075505549e-05	5.26005884116e-05	1.39821587654e-05	6.08478539976e-06	0.00033237746712	0.000111314602896	6.30268952951e-05	0.0	2.39311739437e-05	0.000103030171572	3.71620959009e-05	0.000200296041952	1.89785838895e-05	0.000126062878147	1.62590257917e-06	2.1914285923e-05	0.0	0.0	8.31331210668e-06	0.0
k__Bacteria;p__Proteobacteria;c__Gammaproteobacteria;o__Enterobacteriales;f__Enterobacteriaceae;g__	0.0	0.0	0.0	0.0	0.0	3.23414048956e-05	0.0	1.20594676469e-06	7.47849185742e-07	0.0	2.06456088338e-06	8.25395777275e-07	3.75813542366e-07	0.0	0.0	0.0	7.3399613184e-06	2.73862120008e-06	2.07832802667e-06	0.0
k__Bacteria;p__Proteobacteria;c__Gammaproteobacteria;o__Enterobacteriales;f__Enterobacteriaceae;g__Providencia	0.0	0.0	0.0	0.0	0.0	0.0	0.0	0.0	0.0	0.0	0.0	5.50263851517e-07	0.0	0.0	0.0	0.0	0.0	0.0	0.0	0.0
k__Bacteria;p__Proteobacteria;c__Gammaproteobacteria;o__Pasteurellales;f__Pasteurellaceae;Other	0.0	6.638909217e-06	4.26122933803e-05	1.82543561993e-05	0.000684986606151	6.39306840959e-05	0.0	1.20594676469e-06	1.86962296435e-05	0.000300052780369	0.000203359247013	3.52168864971e-05	0.000101281749668	5.04251512586e-06	0.0	2.92190478973e-05	0.0	0.000555940103616	0.0	0.0
k__Bacteria;p__Proteobacteria;c__Gammaproteobacteria;o__Pasteurellales;f__Pasteurellaceae;g__Actinobacillus	0.0	0.0	0.0	1.21695707995e-05	1.73414330671e-05	0.0	0.0	0.0	1.49569837148e-06	0.0	2.06456088338e-06	1.92592348031e-06	1.99181177454e-05	3.36167675058e-07	0.0	2.43492065811e-06	0.0	0.000199919347606	0.000101838073307	3.77289281316e-05
k__Bacteria;p__Proteobacteria;c__Gammaproteobacteria;o__Pasteurellales;f__Pasteurellaceae;g__Aggregatibacter	0.000359627199939	7.71134839821e-05	0.000398824433356	8.51869955966e-05	0.00266913557292	0.000204578189107	0.0	0.00044017056911	0.00113373936558	0.000480807467338	9.90989224024e-05	0.000836676186231	0.000222481617081	0.000670990679415	0.0	0.00303391114001	0.0	6.84655300019e-06	0.00220926269235	9.43223203291e-06
k__Bacteria;p__Proteobacteria;c__Gammaproteobacteria;o__Pasteurellales;f__Pasteurellaceae;g__Haemophilus	0.0045296864172	0.00423307065383	0.00219919382867	0.00226556843051	0.00561669748785	0.00258656026595	0.000401080242787	0.271869844578	0.00534039103538	0.00380307861383	0.00459984164818	0.0113109485999	0.00608517287799	0.0029327267972	0.00262745856794	0.0100172635875	0.000253228665485	0.00951602401497	0.0081595158327	0.00176277936437
k__Bacteria;p__Proteobacteria;c__Gammaproteobacteria;o__Pseudomonadales;Other;Other	0.0	0.0	0.0	0.0	4.81706474087e-07	6.01700556197e-06	0.0	0.0	7.47849185742e-07	0.0	0.000507881977313	1.87089709516e-05	3.75813542366e-07	0.0	0.0	0.0	1.8349903296e-06	0.0	3.740990448e-05	0.0
k__Bacteria;p__Proteobacteria;c__Gammaproteobacteria;o__Pseudomonadales;f__Moraxellaceae;g__	0.0	0.0	0.0	0.0	4.81706474087e-07	0.0	0.0	0.0	0.0	0.0	1.65164870671e-05	2.47618733183e-06	0.0	0.0	0.0	0.0	0.0	0.0	0.0	0.0
k__Bacteria;p__Proteobacteria;c__Gammaproteobacteria;o__Pseudomonadales;f__Moraxellaceae;g__Acinetobacter	0.0	0.0	0.0	0.0	0.0	0.0	0.0	0.0	0.0	0.0	1.03228044169e-06	2.83385883531e-05	4.13394896602e-06	1.34467070023e-06	1.62590257917e-06	0.000224012700546	1.8349903296e-06	4.10793180012e-06	0.0	0.0
k__Bacteria;p__Proteobacteria;c__Gammaproteobacteria;o__Pseudomonadales;f__Moraxellaceae;g__Enhydrobacter	0.0	0.0	0.0	0.0	4.81706474087e-07	0.0	0.0	0.0	0.0	0.0	0.0	0.0	1.87906771183e-07	0.0	0.0	0.0	0.0	0.0	0.0	0.0
k__Bacteria;p__Proteobacteria;c__Gammaproteobacteria;o__Pseudomonadales;f__Moraxellaceae;g__Moraxella	0.0	0.0	6.65817084067e-07	4.05652359984e-06	0.0	0.0	0.0	5.42676044109e-05	3.73924592871e-06	0.0	0.0	0.0	0.0	1.68083837529e-06	0.0	0.0	0.0	0.0	0.0	0.0
k__Bacteria;p__Proteobacteria;c__Gammaproteobacteria;o__Pseudomonadales;f__Pseudomonadaceae;g__	0.0	0.0	0.0	0.0	0.0	0.0	0.0	0.0	0.0	0.0	0.0	0.0	9.39533855915e-07	0.0	0.0	0.0	0.0	0.0	0.0	0.0
k__Bacteria;p__Proteobacteria;c__Gammaproteobacteria;o__Pseudomonadales;f__Pseudomonadaceae;g__Pseudomonas	0.0	0.0	0.0	0.0	9.63412948174e-07	0.0	0.0	0.0	0.0	0.0	0.0	0.0	1.87906771183e-07	0.0	0.0	0.0	0.0	0.0	0.0	0.0
k__Bacteria;p__Proteobacteria;c__Gammaproteobacteria;o__Xanthomonadales;f__Xanthomonadaceae;Other	4.04075505549e-06	0.0	0.0	0.0	0.0	3.00850278098e-06	0.0	0.0	0.0	0.0	0.0	0.0	2.44278802538e-06	0.0	0.0	0.0	0.0	2.05396590006e-06	0.0	0.0
k__Bacteria;p__Proteobacteria;c__Gammaproteobacteria;o__Xanthomonadales;f__Xanthomonadaceae;g__Stenotrophomonas	0.0	0.0	0.0	0.0	0.0	0.0	0.0	0.0	0.0	0.0	0.0	0.0	2.2548812542e-06	0.0	0.0	0.0	0.0	4.79258710014e-06	0.0	0.0
k__Bacteria;p__SR1;c__;o__;f__;g__	0.0	0.0249158262914	0.0430077887282	1.82543561993e-05	0.000739901144197	3.83584104576e-05	0.0015355643581	6.99449123518e-05	0.113562394553	0.0147712730191	7.43241918018e-05	0.00294748832065	0.00056071380521	0.000764109125406	1.46331232125e-05	0.0478145369633	3.6699806592e-06	0.00606878457937	9.35247612001e-05	1.04802578143e-05
k__Bacteria;p__Spirochaetes;Other;Other;Other;Other	0.0	0.0	0.0	0.0	0.0	0.0	0.0	0.0	0.0	0.0	0.0	1.10052770303e-06	0.0	1.00850302517e-06	0.0	9.73968263244e-06	0.0	0.0	0.0	0.0
k__Bacteria;p__Spirochaetes;c__Spirochaetes;o__Sphaerochaetales;f__Sphaerochaetaceae;g__Sphaerochaeta	0.0	3.06411194631e-06	0.0	4.86782831981e-05	0.0	3.15892792003e-05	0.0	0.0	0.000488345518289	0.000218713171233	9.90989224024e-05	6.32803429244e-06	2.04818380589e-05	3.22720968055e-05	2.76403438459e-05	1.21746032906e-05	0.0	0.0	0.000239007723067	0.0
k__Bacteria;p__Spirochaetes;c__Spirochaetes;o__Spirochaetales;f__Spirochaetaceae;g__Treponema	6.66724584156e-05	0.000119500365906	0.00287899307151	0.00132039843175	0.000836242439015	0.000896533828733	0.000185260874049	0.000203805003232	0.00355452717983	0.0268221879993	0.005249146046	0.000530179220936	0.000601113761014	0.00216122198295	0.000985296962977	0.00183836509687	0.000198178955597	0.000161578650805	0.000216146114774	0.00121675793225
k__Bacteria;p__Synergistetes;c__Synergistia;o__Synergistales;f__Dethiosulfovibrionaceae;g__Pyramidobacter	0.0	0.0	6.65817084067e-07	0.0	0.0	2.85807764194e-05	0.0	1.20594676469e-06	9.72203941464e-06	0.0008170111851	9.29052397523e-06	8.25395777275e-07	2.96892698469e-05	2.52125756293e-05	1.30072206334e-05	2.43492065811e-06	0.0	0.0	7.48198089601e-05	0.0
k__Bacteria;p__Synergistetes;c__Synergistia;o__Synergistales;f__Dethiosulfovibrionaceae;g__TG5	0.000195976620191	7.14959454139e-06	0.000111857270123	0.000139950064194	0.000191237470212	2.78286507241e-05	9.54952959017e-06	1.56773079409e-05	9.04897514748e-05	0.000806165903882	0.000131099616095	4.34708442698e-05	0.00021759604103	9.61439550665e-05	3.90216619001e-05	1.70444446068e-05	2.38548742848e-05	0.0	0.000251477691227	1.04802578143e-06
k__Bacteria;p__Synergistetes;c__Synergistia;o__Synergistales;f__Synergistaceae;g__	0.0	0.0	0.0	0.0	0.0	0.0	0.0	0.0	0.0	0.0	0.0	0.0	0.0	4.37017977575e-06	6.50361031668e-06	2.43492065811e-06	0.0	0.0	0.0	0.0
k__Bacteria;p__Synergistetes;c__Synergistia;o__Synergistales;f__Synergistaceae;g__Candidatus Tammella	4.04075505549e-06	0.0	0.0	0.0	0.0	0.0	0.0	0.0	7.47849185742e-07	0.0	0.0	8.25395777275e-07	1.87906771183e-07	5.04251512586e-06	4.55252722167e-05	0.0	0.0	0.0	0.0	1.04802578143e-06
k__Bacteria;p__TM7;c__TM7-3;o__;f__;g__	0.000917251397596	0.010118208332	0.00539245256386	0.000176458776593	0.00608539788714	0.00149296950506	5.3477365705e-05	0.00208387600938	0.00311927895373	0.0210759965006	0.00941749446956	0.00793370421117	0.0126966726221	0.00765722730246	0.0183580660214	0.00341375876267	0.0107530433315	0.00272766671528	0.000675456608667	0.00347106138811
k__Bacteria;p__TM7;c__TM7-3;o__CW040;f__;g__	0.0	1.37885037584e-05	1.19847075132e-05	0.0	1.6859726593e-05	0.0	0.0	6.02973382343e-06	2.91661182439e-05	3.61509373938e-06	0.0	1.15555408819e-05	7.51627084732e-07	7.96717389887e-05	0.0	4.86984131622e-06	0.0	0.0	0.0	0.0
k__Bacteria;p__TM7;c__TM7-3;o__CW040;f__F16;g__	1.41426426942e-05	7.66027986577e-06	1.13188904291e-05	4.05652359984e-06	1.05975424299e-05	3.00850278098e-06	0.0	0.0	8.15155612459e-05	0.000462731998641	3.09684132508e-06	8.52908969851e-06	4.13394896602e-06	1.57998807277e-05	7.80433238001e-05	5.35682544784e-05	1.46799226368e-05	0.000231413491407	0.0	4.19210312574e-06
k__Bacteria;p__TM7;c__TM7-3;o__I025;f__Rs-045;g__	2.62649078607e-05	1.48098744072e-05	0.000119181258048	7.09891629972e-05	0.000257231257162	0.000491890204691	0.000190990591803	1.9295148235e-05	0.000539947112106	0.00148941862062	0.000525430744821	0.000144444261023	0.000292195029189	0.00166571082991	0.000471511747959	2.43492065811e-06	0.00153772189621	2.05396590006e-06	8.31331210668e-06	0.0
k__Bacteria;p__Tenericutes;c__Mollicutes;o__Acholeplasmatales;f__Acholeplasmataceae;g__Acholeplasma	0.0	0.0	6.65817084067e-07	4.05652359984e-06	0.0	7.52125695246e-07	0.0	0.0	2.24354755723e-06	0.0	0.0	2.75131925758e-07	0.0	1.68083837529e-06	0.0	0.0	0.0	0.0	0.0	0.0
k__Bacteria;p__Tenericutes;c__Mollicutes;o__Mycoplasmatales;f__Mycoplasmataceae;g__Mycoplasma	5.85909483046e-05	0.000156269709262	0.000358875408312	0.00049895240278	0.000866108240408	0.0046195560202	5.92070834591e-05	5.78854447049e-05	0.0016886434614	0.0023136599932	0.00694724737259	0.00013233845629	0.000524447798372	0.000300533901502	0.000113813180542	0.000192358731991	8.62445454912e-05	0.0	0.000151717945947	9.53703461105e-05
k__Bacteria;p__Tenericutes;c__Mollicutes;o__Mycoplasmatales;f__Mycoplasmataceae;g__Ureaplasma	0.0	0.0	0.0	0.0	0.0	0.0	0.0	0.0	0.0	0.0	0.0	0.0	0.0	0.0	0.0	0.0	0.0	6.23036323018e-05	0.0	0.0
k__Bacteria;p__Tenericutes;c__Mollicutes;o__RF39;f__;g__	0.0	1.12350771365e-05	0.00125107030096	0.0	2.40853237043e-05	7.52125695246e-07	0.0	1.20594676469e-06	0.000597531499408	0.000845931935015	5.88399851765e-05	3.85184696062e-06	4.32185573721e-06	3.89954503067e-05	7.96692263793e-05	0.000289755558315	3.6699806592e-06	5.47724240016e-06	0.0	1.04802578143e-06
k__Bacteria;p__Tenericutes;c__RF3;o__ML615J-28;f__;g__	0.0	1.53205597315e-05	3.928320796e-05	3.85369741985e-05	0.0	6.01700556197e-05	0.0	2.41189352937e-06	0.0	0.000614565935695	4.0258937226e-05	1.18306728076e-05	4.64129724822e-05	7.26122178124e-05	0.0	2.1914285923e-05	0.0	0.0	0.0	0.0
