pc vector number	1	2	3	4	5	6	7	8	9	10	11	12	13	14	15	16	17	18	19	20	21	22	23	24	25	26	27	28	29	30
FN33	0.0385410582848	-0.086066300472	0.0273931612821	-0.0577381767974	0.0683961315536	-0.0613732149404	0.0571068192071	0.0548230771442	-0.0427487012471	-0.105752409825	0.0495548819791	0.0282131985757	0.00434989797106	-0.0653462471313	-0.0167892870205	-0.0413996570578	0.0426127824074	0.00945660668456	0.0214331913165	0.00159374286771	-0.0203309460717	-0.011680938665	-0.0106749097911	-0.0137712233318	-0.0177956229221	0.0077529562696	0.00030246499764	0.00665501207741	-0.00528673523029	3.08381015869e-09
FN47	0.0696312701412	0.0588682915672	-0.108047281638	-0.00417421804974	-0.00314133770056	-0.0910470916064	-0.0999915884393	-0.0718993001781	-0.0589795393271	-0.0201255462276	0.0116940140922	0.0161965873099	-0.0384567464287	-0.0287817365786	-0.0824292733082	-0.0020714940162	-0.0323535135109	0.0328360591398	-0.0126655426136	0.0135478324876	0.00587232773588	-0.0058813735075	-0.00858881656324	0.0235782537308	0.0100325788894	-0.00474159948429	0.00763048541138	-0.00521770767795	-0.00179808518393	3.08381015869e-09
FN46	-0.0133242185896	0.00424269396107	-0.0477121331922	0.0920915324545	0.00110610364042	0.0767863035495	0.0769637431257	0.0203884540471	-0.0531410514602	-0.0396841592568	-0.0334050342403	-0.0295773577669	0.00880827944203	-0.0277943329035	-0.0660882465832	0.0710267766251	-0.00504495395446	-0.0325442900202	-0.0279513714178	-0.0204488254542	-0.0238783088027	-0.00110012670019	0.00662211856698	0.0053143168467	-0.00775016866088	0.0263090963437	-0.00792447546613	-0.0133560412284	0.00732848325064	3.08381015869e-09
FN55	-0.129163156289	0.0228542517567	0.0257292077188	-0.08985364823	-0.0363579668415	-0.00238994808919	-0.00847242302721	0.027353996822	-0.0609938612326	0.0597285151307	0.00305439360537	-0.0102127131131	-0.0572129980243	0.014954229839	-0.0315148783615	-0.000959959393575	0.0159688814094	0.000913996172595	0.0151506530217	-0.0103877715183	0.0169701929742	-0.0021832251813	-0.0184659550718	-0.0265365516053	0.0018022495862	0.00664857934088	-0.0324488065475	0.0267921133251	0.0183026885571	3.08381015869e-09
FN57	0.0166309292762	-0.0224962012882	-0.0144616282795	-0.0243530349752	0.0312020355852	0.0357809829373	-0.0315201988663	0.022575902164	0.0546894512345	-0.00446953721758	0.0197206889231	0.00588854813371	0.0321173170082	0.0457322440366	-0.0337867136206	0.0123394936638	0.0501149971459	0.0427290204979	0.017191043673	-0.0420224027086	0.0583956239746	-0.00963725244676	0.0135155919087	0.0157255445479	0.0295911296325	0.0433600487912	0.00552932128691	-0.0036969951054	-0.00407369699339	3.08381015869e-09
FN32	0.0149885843771	-0.0225516668608	-0.0369817237397	-0.0518991994712	0.0607028385822	0.00950964971817	-0.0324316386243	0.0063389229474	0.00147045904454	-0.0152756787374	-0.080193758229	0.0353577588297	-0.0437596527428	0.0614358722456	0.0127439685449	-0.00155668049191	0.0690459925633	-0.0416171768432	-0.0210154961649	0.000414313752878	-0.00170096331168	-0.0170976429261	-0.023306482048	0.00323377346341	-0.0183584606793	-0.0200279691081	0.0283849298047	-0.0174855726264	0.00753807822377	3.08381015869e-09
FN31	0.0616051781624	0.026140302181	-0.0319000658606	0.0610995562498	0.00972150781502	-0.0407776502353	0.0249603879486	0.0423506080959	-0.0270014140873	-0.000474755487505	-0.0355227354987	0.0496653801629	-0.0204060559793	0.00851893697777	0.0461254460766	0.056106940295	0.0131031008507	-0.0103719942017	0.0440090370031	0.00212525496173	0.0166431002983	0.000857568689475	-0.0170337909453	0.0270087998322	0.023136660474	-0.0223993000465	-0.0418430492354	0.000569513892991	-0.0133827693651	3.08381015869e-09
FN34	0.0203973788668	0.0498131697872	-0.0804273416298	0.0692439326813	0.028044534317	0.00796789403089	0.0222706376943	-0.0286974601575	0.0249602170733	0.0156594081525	0.065010762521	-0.00134192481833	0.0202146532417	-0.00615223034761	0.000551526309148	-0.0712338206052	0.0451158159161	-0.0266527122072	-0.0307184285136	0.0182047698715	0.0290402076323	0.0228499363176	0.0168903511169	-0.0257727132802	0.00698356690221	-0.0155371216918	-0.0312596651738	-0.0219933839711	0.00548636574896	3.08381015869e-09
FN36	0.00994328454173	0.0651584670025	-0.0336772309624	0.0342378153148	-0.0173835673151	-0.158734554694	0.0739811481443	-0.0202703294693	0.0274039767633	0.0356841642218	-0.0680805976703	-0.0349752671705	0.0103672790182	-0.00830928082871	0.0406699781649	-0.0289121377131	0.0135713580883	-0.00438644742558	-0.0166637277935	-0.00462952590767	-0.0143311638825	0.00271986349946	-0.0123974078899	-0.0073498404333	0.0209762634059	0.0372029193283	0.0146176788354	0.0116864420923	0.000683463589847	3.08381015869e-09
FN37	-0.0299582321525	0.0104160177697	-0.0532649690409	-1.86307258476e-05	0.0154995655533	0.0257475756146	-0.0618296350635	-0.0190965888161	-0.0328529832311	-0.0594885480383	0.0537390804466	-0.0598528597405	-0.0368550101493	-0.003291157785	0.0948302056557	0.0606632119413	0.0265332692896	0.0136637907623	0.000966840493759	0.0159873935937	-0.0187739291175	0.0202934861977	0.0291314094108	-0.0195967413608	0.0223041049377	0.00400539839108	0.0147652994286	0.00962101606588	0.00332345868834	3.08381015869e-09
FN39	0.0653589233041	0.0160196580146	-0.127923027698	-0.160258002921	0.0112345779284	0.0284025903246	0.0758207050817	0.00286425790064	0.0288008645649	0.0804119892133	0.0414480885237	0.0212680383942	0.0416362344747	-0.0311083017216	0.0171547258081	0.049735690825	-0.027653369365	-0.0048566849881	0.000971859646843	0.0263687725117	0.00449463100546	-0.00658091501406	-0.00780104518298	0.00375534642276	-0.0144143991912	-0.00122181703647	0.0108403882007	-0.00290401559544	-0.000899770403551	3.08381015869e-09
FN59	-0.174649326628	-0.00679128343492	0.0422924522737	0.00407360337502	-0.0323120090818	-0.000323065890777	0.00716479506787	-0.0411678586582	0.013715624715	-0.0072614722364	0.00411239809454	0.0465645478174	-0.0326265773255	0.021585332693	0.0173539022055	0.0110001869282	-0.0416215246115	0.0301948858928	0.024668930481	0.00828564772713	-0.0135112007519	-0.0102678758745	-0.0248725028589	-0.053366434182	-0.000757615961823	0.02193165011	-0.0034480516695	-0.0412442699851	-0.00477360441702	3.08381015869e-09
FN35	0.157798772102	-0.206682580449	0.0264461360805	-0.0488516196963	-0.124524964023	0.00669661719142	0.0474767048304	-0.0754757624429	-0.000240348487462	-0.000416467232646	-0.0248834240057	-0.0244340351157	-0.00564430214112	0.0050599060048	-0.0141646252013	-0.00291728153005	0.0193608760621	0.0165393658932	-0.00188693066235	-0.00276858896002	-0.008363607828	0.0294982637322	0.00543494266072	0.00749087895926	0.0266508545492	-0.0180009242981	-0.00436702438302	-0.00688519604468	0.000858597993453	3.08381015869e-09
FN51	-0.00213586387085	-0.052469833689	-0.00478392443728	0.00552549843063	0.0793868509423	-0.0753844404117	-0.0138664061837	-0.0250118494637	0.0231453358483	-0.00785925096833	0.00103420410066	-0.02154389411	0.0352558980559	0.0457739889882	-0.0385019967174	0.0157933353819	-0.0552933013016	-0.0637177727102	0.061071559366	-0.0254947910303	0.00331558645862	0.0188955578389	0.0321127178469	-0.0279080559997	-0.00163871008782	-0.0157297707653	0.00810819969239	0.00623771166925	0.00258101304665	3.08381015869e-09
FN50	0.145990409568	0.00655277664326	0.034371414345	0.0896486597998	0.0282862221749	0.049444995523	0.0491282931491	0.0204331859502	0.0233334190326	0.0417496545183	-0.000793986615131	0.015680172286	-0.100540712979	-0.0324466644713	-0.0101678715894	-0.00627764135712	-0.0166691221227	0.0227741573916	0.0116597896875	0.00258443682027	0.0415273390797	0.0402772524671	0.0016192449525	-0.0119275396637	-0.0245607443677	-0.00174580804353	0.0300133917211	0.0110517995068	-0.0025962404063	3.08381015869e-09
FN48	-0.0579357203726	-0.0542113666042	-0.000457468872951	0.0515806189496	0.0673002538588	-0.0198863307725	-0.00213157784884	0.0349872397832	-0.0627826934227	0.0716506030608	-0.0249420278474	-0.0448054411602	0.0495646279402	0.0436375458772	0.00443735039107	-0.0110533666913	0.00659553801061	0.0842110576261	0.0106196284542	0.0279130892617	-0.0217322373117	0.00423902128494	0.0197889686053	0.0140826086814	-0.0359077065972	-0.00896128081511	-0.00363305952483	-0.00823540802778	0.00199253907856	3.08381015869e-09
FN42	-0.0125169343634	0.0164562662959	-0.00276998205483	0.0527618447747	0.0146272136294	0.0424685886705	-0.0334541358856	0.0548299453362	0.0665521736317	0.00143671236504	-0.00869747361906	0.021943688888	0.0467588923454	-0.053598233105	-0.00638818208837	-0.00746906918324	-0.0118094828345	0.0346373591321	0.0182499709086	-0.0173806276831	-0.0351240259245	0.00256037984403	-0.0415103961618	-0.00428506032287	0.0442625707385	-0.028505378248	0.0128492439659	0.00223201828987	0.0152121388428	3.08381015869e-09
FN41	-0.156347212063	-0.00823395506121	0.0331051613662	-0.0151547692392	-0.00131824368168	-0.0174091537723	0.0573854024298	0.0149983736509	-0.0389435902866	-0.0369836612426	0.0210430116936	0.0793380445534	-0.00571217194368	0.0250964425152	0.0450599070256	-0.0277164525602	-0.0601874260877	0.0043833732646	-0.0351381503504	-0.0203759306218	0.0173988816987	0.00779228260495	0.0377374329708	0.0438793779784	0.0149969199444	-0.00352595506861	0.00887836151854	-0.000730721771709	0.011067510948	3.08381015869e-09
FN40	-0.0700914511761	-0.0822649555047	0.0671236439045	-0.0187536041205	0.018075859078	-0.0526714178728	-0.0569116203242	0.0669405881076	0.0301231860827	0.0331411864988	-0.0278151403095	-0.0358032668056	-0.0083023461861	-0.0690582251672	0.00429939449401	0.03040815218	-0.0189552576366	-0.00788337507877	-0.0651533299087	-0.00653374201126	0.0329730762139	-0.0316963878196	0.0243428259552	-0.0209571019768	0.0068682282705	-0.0156083844147	-0.0068143329189	-0.00746167975231	-0.00717952057735	3.08381015869e-09
FN44	-0.0969918751496	-0.00529610591736	0.0312652576919	0.066088974173	-0.0583984546089	-0.0204862616451	-0.00519559172685	-0.0850297574102	0.0371050593882	0.0171405195808	0.0418795097178	-0.0173618855312	-0.00129292905241	-0.0496477705763	0.0285120368506	0.0117485322316	0.0311490886475	-0.0119343333119	0.0381712393427	-0.028903261438	0.0114084062266	-0.0512208094069	0.000748637826117	0.0345740705685	-0.0432318093929	-0.00734988535805	0.00353496888278	-0.000919558165493	0.00708513589979	3.08381015869e-09
FN43	-0.108064280136	0.146304095705	-0.0256266882858	-0.0530179055644	-0.0915772910262	0.0461565764187	0.0296080820731	0.0371094521318	-0.0329984010469	-0.0101456417548	-0.0233853468638	-0.0404209367947	0.00172789591226	0.00141234276915	-0.0178206208787	-0.0401227195411	0.0134159330317	0.00678140180193	0.0182848341417	-0.0442705803576	-0.0105914810174	-0.00367400452377	0.0291185629116	-0.0106314757636	0.00157673995529	-0.0298402934599	0.0164390787868	-0.00435670170418	-0.0150913647956	3.08381015869e-09
FN38	0.13951642731	0.00305911937396	-0.056474837966	-0.0225740658227	-0.0116602876544	0.0410278335373	-0.00732392089017	0.0168122473538	0.0486141244577	-0.0952530585782	-0.0326598637369	-0.072003027631	-0.00399605038624	0.0310520495931	0.0361195764143	-0.0384361128502	-0.0683190483484	0.0178549665802	-0.00600295638244	-0.00267523587391	0.0244790249501	-0.0194636763085	-0.028191077495	0.00385289572365	-0.0283670680461	0.00230802837767	-0.0222476761256	0.00556603442673	0.00288810420307	3.08381015869e-09
FN45	-0.132119702414	-0.0106904369712	-0.00612265970944	0.0246095740514	0.019455595285	0.00887686317418	0.00268350957434	-0.0646558776777	0.0397577469515	-0.00882118864923	0.0251937285815	0.0371816310396	0.0233789137884	0.0414192592875	-0.0136712292227	0.0281911653491	0.0101035235077	0.0196804651444	-0.0606426284873	-0.0344767924253	-0.023013541159	0.0214803242529	-0.0289534543878	-0.0124780704882	-0.0242983787776	-0.0129882206991	-0.00851492357982	0.0316361993248	-0.0121091178803	3.08381015869e-09
FN49	0.169990556973	-0.0231321686663	-0.00834187819146	0.0315619354772	0.0177400361961	0.0562613248732	-0.00708972547017	-0.00281305415671	0.0213434692337	0.0490484413788	0.0187867224024	0.0319366483659	-0.0453053026642	0.0318213594811	-0.00505843225044	-0.0349036389591	-0.0142676165709	-0.0118458826178	-0.00407805886874	0.00669170386538	-0.0611533657875	-0.0646414181247	0.0387946630541	-0.00395159653126	0.0190659917201	0.0105242537247	-0.00857748504596	0.0142690163771	-0.00429854137778	3.08381015869e-09
FN53	0.190121626883	-0.0206617978324	0.00993349372246	0.0440595155818	-0.0977876880918	0.0103717589308	-0.088160036127	0.040953254889	-0.0888949215915	0.0298986771469	0.0157564797915	0.0471738205151	0.0719427334563	0.00232578446445	0.0379826047629	-0.0130855714111	-0.00907531215549	-0.0334624588082	-0.0074981219267	-0.019273913618	0.0103650932817	0.00939150179796	-0.016447901572	-0.0195397508388	-0.0203059489026	0.0171357469376	0.0116686291973	0.00208781790448	-0.00143604283327	3.08381015869e-09
FN56	-0.10846162568	-0.0223832698695	0.0129527189813	-0.0522780557117	0.0328631242192	0.0324254600303	-0.0732930926122	0.017340777384	0.0334611933393	0.0375516807493	-0.00168557809556	-0.022907384674	-0.0312344588434	-0.0352048436524	0.00996773435403	-0.038601548882	-0.0085988663132	-0.040046251874	0.00947271477233	-0.0124963631028	-0.0407426372392	0.0550597867829	-0.00944653946564	0.0458377290904	-0.0088214966695	0.0254948715596	-0.0142145569214	-0.0104322214928	-0.00680084638685	3.08381015869e-09
FN54	0.0798916375162	0.0820170709023	0.100188973348	-4.74950880633e-05	-0.0850828051332	-0.072626860216	0.00126581609886	0.0823964734796	0.0659742067609	-0.023980818863	0.0672042527839	-0.0164436966221	-0.00671794777695	0.0589838032788	-0.0387505942992	0.03643149112	0.0112939765628	-0.00983391497549	-0.0125252129252	0.0432119516538	-0.0197439172476	0.0104543661593	-0.00140854342071	0.0178418363574	-0.0105103678893	-0.00351708719547	0.00387601924215	-0.0068244932789	0.0026807794611	3.08381015869e-09
FN52	-0.18347816026	-0.0490608878322	0.0295280516907	0.0433226540299	0.00964745567262	0.0573614003889	0.0225554041263	-0.012746743901	-0.0455205682241	0.00664429670228	0.0254061438869	-0.0480867435619	0.0180078758919	0.0207935520183	-0.0154803489348	-0.0256809496829	-0.011880072782	-0.040333087323	0.00277940291672	0.0600873634954	0.0281998076777	-0.0215274116625	-0.0435358560814	0.014718505118	0.031623058112	-0.000862106995385	0.0207972098669	0.0112335330637	-0.00892482675288	3.08381015869e-09
FN58	-0.0952785392009	0.0306558016707	0.0119923128507	-0.0094371900621	-0.045360502766	0.042186296341	-0.0363298651421	-0.0272598478172	0.0439916869437	-0.0451061724579	-0.0873530273927	0.0593098511946	0.0408838268325	-0.0349233200574	-0.0154801441631	-0.00149754434078	0.0146297572222	-0.000390876047049	0.0164062945408	0.0694651682041	0.00978221867644	0.0102266098086	0.0424700321253	-0.00646778297894	-0.013688304808	0.0102208259449	-0.00628238952907	0.0179437522987	0.000990411158194	3.08381015869e-09
FN60	0.190110261041	0.134434827822	0.186650856303	-0.0614960988677	0.0916152118923	0.0356372788918	0.00963000768023	-0.089372327039	-0.0393441214211	0.00135251805399	-0.0152203670198	-0.0159474814502	0.0330489372444	-0.0139403057437	0.0102840871821	0.0104506697256	-0.000886023120382	0.00322075244839	-0.00916703375131	-0.00434308836376	0.00212580756876	5.68568833897e-05	-0.00569282097623	0.0036460014364	0.0105358858362	-0.00233147239084	-0.00666017471827	-0.00583801388755	0.000632393913389	3.08381015869e-09


eigvals	0.362845846482	0.126973979079	0.105152624959	0.0947831537322	0.0819952064133	0.081421596273	0.0661126660337	0.0613988258705	0.0567135726335	0.0548808663995	0.0454490106149	0.0432164073694	0.0409161940184	0.0396634537413	0.0372834892483	0.0334173665219	0.0306523456706	0.0264616302956	0.0221163994459	0.0209440923146	0.0196648243649	0.0170452979037	0.0168302392703	0.0145556683184	0.0137891211035	0.00974520113025	0.00838195694141	0.00594457081377	0.00174908893384	-2.85296552846e-16
% variation explained	23.5598169039	8.24450307942	6.82762835791	6.15433184411	5.324002104	5.28675722436	4.2927384229	3.98666571397	3.68244917275	3.56345036449	2.9510338314	2.80606944999	2.65671510044	2.57537385913	2.42084121603	2.16981135185	1.99027674887	1.7181708728	1.43603220643	1.35991354162	1.27684984127	1.1067622837	1.0927983867	0.945109014807	0.895336605374	0.632762250268	0.544245918069	0.385984850874	0.113569482549	1.85244908094e-14