pc vector number	1	2	3	4	5	6	7	8	9	10	11	12	13	14	15	16	17	18	19	20	21	22	23	24	25	26	27	28	29	30
FN33	0.0816443424083	-0.00315567141469	0.0609757385627	-0.0155417561305	0.0729960555927	-0.00948332024543	0.120802691721	0.026587836966	-0.0217672340563	-0.0457371404004	0.0711943975304	0.0126531304443	0.0722208380049	-0.0499490667333	-0.0142197861107	0.0215472424895	0.0343322281328	0.00461601491184	0.00702527859608	-0.0100617428093	-0.00634244526155	-0.0145849314849	-0.002704194418	-0.0215846081495	-0.0246096993967	0.0308009823892	0.00846294239357	-0.00782748202085	-0.00515631914157	2.51089393504e-09
FN47	0.0694551270174	0.00090412006598	0.154774043962	0.0242964385904	0.0454907870656	0.0142353879022	-0.0829797084518	-0.0361780351215	-0.00121054588451	-0.0384189680109	-0.0854971932653	0.08680346721	0.0704565123607	0.0341890231163	-0.0131990409835	-0.0278095130593	0.0110097547732	-0.0120547872068	-0.0264244028154	1.38375074738e-05	-0.00304255596251	0.0013414341008	0.0197283858692	0.01505091412	0.00432481352751	0.00507979556759	0.00481721579325	0.00154391145697	1.66696909784e-05	2.51089393504e-09
FN46	-0.00746794495773	-0.0185743787132	-0.0219515680758	0.0560883159385	-0.10075995192	-0.0826817768426	0.0197955462066	0.0448862709297	0.0267654631665	-0.0312775822289	-0.0503499290196	0.0703221556573	0.00615753206385	-0.0787647728922	-0.0114543512793	0.00643845614846	-0.0278937746596	-0.00503728522469	-0.00903938339862	0.00774047841874	0.0324015308569	-0.00185109200139	-0.00996185820788	-0.026803676751	-0.00957792462843	-0.0119971965289	-0.0133239003471	0.00132842195617	0.0184094359285	2.51089393504e-09
FN55	-0.137059263856	0.0909839910765	-0.0127661325206	-0.0783212514143	0.00809354732946	-0.0156132834522	0.0144014985459	0.0111942006149	0.00812211444737	-0.0231176087595	-0.01166621166	-0.0361561956317	0.0144429740118	0.0159428543337	-0.0199283997424	0.0355693965499	0.0287755016252	-0.00316375616674	-0.0187047244413	0.0320216559121	0.00948360320559	0.0432606856792	0.0166851846442	-0.0166361350753	0.0312241210009	0.0249854167104	-0.0179207079484	0.0336684602014	0.00379970449149	2.51089393504e-09
FN57	0.001475167319	-0.00390399472195	0.00960275410494	-0.0947223486135	-0.0494621023287	-0.0163444183735	-0.0302430758831	-0.044608664091	-0.0035634662356	0.0356144057464	0.0337496514116	0.0150772115677	-0.0108378554493	0.0246317530174	0.0356964156828	0.0269602957881	0.0267203331295	-0.022384047355	-0.0188830155004	-0.03367082229	0.0190468226125	-0.038403929284	0.0251250804221	-0.0436637474555	0.04100058205	0.00128963733309	0.00808459961938	-0.0229553843384	0.0064133794357	2.51089393504e-09
FN32	0.0102701492517	-0.00357639247402	0.0221039094231	-0.0745804357629	0.0232773682826	-0.0398881234325	0.0342644815199	-0.0707791421997	-0.0446448021234	-0.0128090214252	-0.0406312580013	0.0120855973605	-0.0317968845049	0.0214779680371	-0.0547100352908	0.0153837509395	-0.033935681915	0.0210940301023	0.0798289556177	0.00301430067419	0.0422686750088	-0.0283585859639	-0.0247015210201	0.0129089909963	0.0122740404106	0.00311000490308	0.0179691684047	0.0068620496506	0.000360210891133	2.51089393504e-09
FN31	0.0539317755892	-0.00428511332819	0.0350971102466	0.0545684607498	-0.0309954982271	-0.0217302195893	0.084059846963	0.00248050369642	0.0151550783355	-0.0286318851476	-0.0054716201435	-0.00652891635824	0.00676375824937	0.0359490150905	0.030938561719	0.0499221508235	-0.00631502860593	0.0483980732003	0.0110016921306	-0.027446925829	0.0147108320501	0.0423879661507	0.0289039883945	0.0354959509013	0.0178932387875	-0.021207720324	-0.0279145545588	-0.0177914135177	-0.00538804267605	2.51089393504e-09
FN34	0.00471723524167	-0.0416465411257	0.112827117136	0.0664383591962	-0.042151845386	-0.00666080617879	-0.0692304922526	0.0451701000874	-0.00538588457302	0.0377635939432	0.0602016986426	-0.0557893974815	-0.0138875865005	0.00122896092043	0.0186727694694	0.00832314174715	-0.00304689066303	0.038537489908	0.0127053905188	0.0594806674284	0.0271695901095	-0.0350148774383	0.0381763926443	0.012003523695	-0.0156151584683	0.0148941764015	0.00430756280362	0.00476291603729	0.00601270222433	2.51089393504e-09
FN36	0.0204853746909	0.0145827677105	0.0953025437901	0.0795740992729	0.0710612558879	0.0540976684979	0.0623305297512	0.0467439710472	0.0249871196384	0.0818783276016	-0.0899384248033	-0.0475615857554	-0.0410389282285	0.00171566890831	0.00526575480508	0.0151785664602	-0.0203482605651	-0.0285498547413	0.018967934217	0.00869367170196	-0.0305681416127	0.0103615978313	-0.00849301677192	-0.0380478666083	0.0111260420618	-0.000449700609712	0.005211019407	-0.00779255188403	0.00301804225174	2.51089393504e-09
FN37	-0.0269806867529	-0.00692712652609	0.053439969916	0.0118025595983	-0.0271414061083	-0.0450569536552	-0.037935763518	-0.0220789436375	-0.0648720842184	-0.0910847860657	0.00196452613052	-0.0793294551358	-0.0041406692864	-0.0101226765208	0.0328708525776	-0.0753339730785	0.0367539753154	0.00350364651253	0.0374092771428	-0.004529959369	-0.0239652859013	0.0118966710629	-0.021129654795	-0.027403839417	0.00676591397329	-0.0203756822132	-0.0155908808508	-0.00218176655062	-0.000286156354578	2.51089393504e-09
FN39	0.0779461206472	0.0433347323133	0.0925923870723	-0.147952201186	-0.0273899901692	-0.0145625381988	0.0241796190314	0.0136463062732	0.118351940637	0.0455904384035	0.0476490868248	-0.0135771515566	-0.011144689238	-0.0284984547863	-0.0227630516588	-0.0692760068164	-0.0288228542613	0.00160753163755	-0.00414713815584	-0.0185477218203	-0.00762568304636	0.0227601795404	0.00239674169155	0.0188551895335	-0.00235966163991	-0.0111060580253	0.00297444677594	0.00201462371572	0.0019585211721	2.51089393504e-09
FN59	-0.176624067001	-0.0109194975533	-0.0241799369033	0.0200198989254	0.0343464486326	0.00402129352612	-0.0127761865023	0.0284707984613	-0.0234325476608	-0.0288161124348	0.0179414425563	-0.00185582643938	-0.0314009454933	0.0487783044133	-0.021868496272	4.61455445132e-05	-0.00092564250858	0.0226768586191	-0.00928066131318	-0.0532844946424	-0.00174915218619	0.0377104628116	0.0249514668981	-0.011872659688	-0.0374659550639	-0.00966651001933	0.0392631962793	0.00308202688041	0.0157744534687	2.51089393504e-09
FN35	0.160903787452	-0.158519392212	-0.086839623262	-0.132417434436	0.0435202379753	0.0441981308068	-0.0257626917847	0.115877077255	-0.018772742298	-0.0123883316355	-0.0580389724407	0.00870889032264	-0.01957970684	-0.00564553780615	0.0159975835299	-0.000869420073185	0.0289916485524	0.00157945939897	0.0176906751046	-0.00191125992312	-0.00528977814275	-0.0079978909357	0.0211493616507	0.0101817552738	-0.00519071673729	-0.00280346267633	-0.0120846781149	0.00379519666448	0.000230808337819	2.51089393504e-09
FN51	0.0230106082325	-0.0654087832995	0.0234588735826	0.00742168560106	0.0478128149568	0.00454800354008	-0.0131999654882	-0.092937205417	-0.00391043254606	0.0164615630521	0.0295544440206	0.0427452729204	-0.0667886359824	-0.0225406700881	-0.0215559099712	0.0221718686144	-0.0147617624056	0.0368672415338	-0.030817164566	-0.00567162709558	-0.0311136493381	-0.0139066935138	0.0125949925546	-0.0313736763311	-0.0177444536921	-0.0203643626485	-0.0273867945345	0.0188835696436	-0.0122469299688	2.51089393504e-09
FN50	0.118708147754	-0.0163099434349	-0.0665037479518	0.0770961846181	-0.10710450094	-0.0741073357928	0.0521692749124	0.0208083506861	-0.0162126592057	0.0465994839933	-0.0317661006079	-0.0244448318458	0.0115828768234	0.0549708269875	-0.0329517135226	-0.0454666808105	0.00324244506727	0.00479544492028	-0.0197413610594	-0.0362444961615	-0.0198381963357	-0.0288170534025	0.00875354833198	-0.00133595079998	0.00193515428596	0.0279233032415	0.00305168136113	0.0144027102002	-0.0107230187755	2.51089393504e-09
FN48	-0.0602466233255	-0.056778791724	-0.00322210142358	0.0380873613599	0.0223245213833	-0.0276420801931	0.03530650393	-0.0693906031247	0.0817730876271	-0.00843874489821	-0.0257572180544	-0.000285839072639	-0.0674644377066	-0.013669609278	0.054733981235	5.80586933982e-05	0.0770818220387	-0.0130056439053	-0.0195257562796	-0.00116103373605	0.0113447864763	-0.00655732715756	-0.03211160957	0.0364080504353	-0.00982282315392	0.0214761654833	0.00872812307129	0.00355731671574	0.00495581296321	2.51089393504e-09
FN42	-0.0123653286058	-0.00386010757855	-0.0138064262136	0.0335267136795	-0.0567579188766	0.0560077593697	0.0161704578873	-0.0292803563636	-0.0267711631509	0.055646691997	0.0228631440743	0.0153008741672	0.0608514838792	-0.0433488618479	0.0392229137931	0.0248795122928	0.0205197875971	-0.033192390565	0.0385297285416	-0.0157856119535	-0.0219556708199	-0.00157988858678	0.0114018393184	0.0192633259951	0.0090472901458	-0.0366927901819	0.0216728327944	0.0281048653647	0.000821121099393	2.51089393504e-09
FN41	-0.155511100803	0.00710196204297	-0.0140123325153	0.00662375001912	0.0460867082153	0.0258002738328	0.0504213266344	0.0426015935919	0.0350348502608	-0.0567558873692	0.0405222295263	0.00226303147253	0.0188440138592	0.0663795009268	0.0043060309541	-0.00486732095669	-0.0355433418916	-0.0232049709959	-0.0159472277059	0.00929897061233	-0.0269709555082	-0.0702938934621	-0.0198753916576	0.0169789724875	0.00844191971413	-0.0208024928199	-0.01930867263	0.00451231614578	0.0102280497463	2.51089393504e-09
FN40	-0.0606625339459	-0.0547536481771	-0.0715184248806	-0.0198630310069	0.0429575176197	0.0329049823684	0.0470279972206	-0.0696161026192	-0.0204530589744	0.0255861677172	-0.0448578586783	-0.0856335656414	0.0597118008964	-0.0199786056448	-0.00849240306302	-0.0318061988611	-0.0163906819581	0.00231343198604	-0.0525420652619	0.026011537083	0.0532815344024	-0.00319805168348	0.0124179422633	-0.00107212717617	-0.0114424290651	-0.0230639482853	0.00577725174402	-0.00870994331617	-0.00315701454904	2.51089393504e-09
FN44	-0.0784698587649	-0.0656675610121	0.0125205366042	0.0464030290725	0.0518422747187	0.00986580154172	-0.0778141611313	0.0551819131244	-0.0301755657625	0.0677139271938	0.0422587770318	-0.00285949133041	0.0285983152397	-0.0225239106104	-0.0312765759032	0.00427767830098	0.00471287368769	0.0303093340013	-0.0193853860078	-0.040335486969	0.0233765546611	0.0141471225156	-0.0639877548806	0.0111124854513	0.0331485066651	0.0049766990902	-0.0100370265911	-0.000122527300808	-6.87029301077e-05	2.51089393504e-09
FN43	-0.102587500486	0.16179542068	0.0177804837137	-0.0195774471778	-0.0385294184866	0.0135783443819	-0.0556839277965	0.0540364914552	0.00142769264365	-0.00782749284646	-0.0381778304519	-0.0257871058284	-0.0241371414915	-0.0211941884531	-0.0382365063176	0.0374546433263	0.0377381824425	-0.024061966223	-0.00434414172224	-0.0212684012601	0.0181220045932	-0.0307952770771	-0.00412091314607	0.0127341772223	-0.0322061768183	-0.0182214159716	-0.0064218857945	-0.00834802595304	-0.0177039851473	2.51089393504e-09
FN38	0.128068480061	0.0269470666012	0.0379094696671	-0.0509378526683	-0.0398819210732	-0.00121838612079	0.000143637211007	0.00550134554958	-0.109374500048	-0.0397535443912	0.00273128859749	-0.0206349041214	-0.039302128317	-0.0201647414081	0.0477031436721	0.0304558192043	-0.0662856345755	-0.0242364337383	-0.0569548369303	0.00286063817574	-0.0188289333478	0.0136365660098	-0.0244686334005	0.024063251723	-0.000430108131715	0.0135190425647	0.0161208491282	0.00157363729928	-0.000680432896629	2.51089393504e-09
FN45	-0.133768866385	-0.0564402979644	-0.0115082861438	0.0185481215076	0.010615972579	-0.00289600384157	-0.0160648714355	-0.000200254457617	0.00289968108685	0.0139888567754	0.0406728196792	0.0360739310725	-0.00218489368894	0.0280369682343	0.0403886082249	-0.0214995657879	-0.0449890157675	-0.0765296168079	0.0336494406152	-0.00746418316516	0.0426841634021	0.0305004186053	0.00717565600575	-0.00878789067317	-0.0218003456753	0.0217453374262	-0.0193049072441	0.000829420210333	-0.0142233250458	2.51089393504e-09
FN49	0.165111633555	-0.043186510026	-0.0200883534831	-0.0038573535563	-0.0525489994974	-0.0168244453404	-0.0041870037292	-0.00715182114869	0.00248480280609	0.019393355624	0.0466312790625	0.0200827846775	0.00509075077563	0.0698170500202	-0.0522897001309	0.0251466839644	0.0384471407461	-0.0300502992901	-0.00556559558792	0.0614779565421	-0.00985598516051	0.0368151823524	-0.0368707934858	-0.0074742653753	-0.0151190659495	-0.0244634922712	0.00657492871153	-0.0106427487466	0.000329247230961	2.51089393504e-09
FN53	0.210593628204	0.0130752679785	-0.0801512806384	0.052871411715	-0.00672105701184	0.0785609887096	-0.0828475124079	-0.0331511736175	0.115731616905	-0.0810876493612	0.00783952080041	-0.0528635321883	0.0242857615368	-0.00260268563004	0.0014291638165	0.030172884943	-0.0344097086756	0.00766071367491	0.0151411445814	-0.017426576349	0.0050621442967	-0.000535991802161	-0.0111419188378	-0.0183587458392	0.00327138016984	0.0130018470891	0.0108208077308	0.00342407588315	-0.00208719633412	2.51089393504e-09
FN56	-0.0894463122635	-0.000715597224435	-0.0540953772081	-0.018951075011	-0.026541607724	0.0186471177735	-0.0373445438723	-0.0756481567548	-0.024674094631	0.0372288748371	-0.0112775169544	-0.0216056374664	0.0235602687697	-0.0264859277448	-0.0417643428141	0.0134478251177	-0.00904591904536	-0.0101327399518	0.0235965420653	-0.00337796786188	-0.0578591219916	0.00574361208016	0.0137727638686	0.025596774824	-0.0172326328462	0.0304869563637	-0.0275161417289	-0.0200348017576	0.0152422890859	2.51089393504e-09
FN54	0.0264548451658	0.0846149891286	-0.0412280124018	0.0453094592925	-0.0447897484211	0.178165027105	0.0468963526926	0.000665186010238	-0.0435879962478	-0.0153718443709	0.026458044542	0.0629659826603	-0.0511871022602	-0.00985194417436	-0.01616851858	-0.0581247975227	0.0181751913376	0.0189311771326	-0.000921671873587	0.0164854343231	0.0213013935934	0.00428716819079	0.00524857046737	0.000891829643322	0.0164097216713	0.0107794922963	-0.00359924610143	-0.00540200494335	0.00184095762504	2.51089393504e-09
FN52	-0.184773046885	-0.0540152093732	-0.052760823914	0.0324981841809	0.012700788049	-0.055725088228	-0.0155660357823	0.0265923879517	0.0302984568135	-0.042264087876	0.00999065039224	0.0228234877094	-0.0195340348205	-0.0451439605746	-0.030229328806	-0.00692919464219	-0.0127100425047	-0.00334790115532	0.000230673804113	0.0357781073391	-0.0376386324888	0.00643570722558	0.0258232370331	0.0107582837078	0.0402815478439	-0.000591022557201	0.031460301614	-0.014077804866	-0.0164029553825	2.51089393504e-09
FN58	-0.126948480761	0.0675260950343	-0.0489827093483	-0.0652218469964	-0.025465944794	-0.00147898821142	-0.0131827078358	0.00834929677532	0.0188350172273	0.0432400693674	-0.0356410605446	0.0488847238909	0.0430670721516	0.0251734407078	0.079368055703	-0.00407123047768	-0.0127751589255	0.0730183872774	0.00986388501569	0.0265007079223	-0.0236360761971	0.00150128594689	-0.0317951082175	-0.0176529293781	-0.0199682921693	0.00696739492766	0.00855109797656	-0.0050356167095	-0.00735603323892	2.51089393504e-09
FN60	0.200135192203	0.157778145251	-0.104769800896	0.0507700006418	0.143115612675	-0.102717011659	-0.0331511163564	0.00222682807711	-0.0230581439789	0.0370749309698	0.0268481938022	0.01812289472	-0.0112083188141	-0.00780572052078	0.0245143252636	-0.0213802188619	0.00169851448251	-0.0069571414898	0.00658391466847	0.0088103475943	0.00602662803248	-0.000890576309734	0.0170572163509	0.00976464270828	0.00344117112821	-0.00923039665493	-0.00343862916404	-0.00142344612118	0.00606870679775	2.51089393504e-09


eigvals	0.365546456018	0.124601570803	0.111639322196	0.105931872692	0.087083076354	0.0805429457321	0.0733235228265	0.0653530997402	0.0631879767166	0.056334492354	0.0523295264404	0.0495606538121	0.0408611538797	0.0367753153622	0.0339170353737	0.0294226847748	0.027647080297	0.0242749918603	0.0223159749627	0.0208326594824	0.0204171420017	0.0193812232147	0.0162794998935	0.0134492684656	0.0118418568687	0.00999202619414	0.0082373444481	0.00452247901534	0.00226945562496	-1.89137650591e-16
% variation explained	23.167058152	7.8968125367	7.07531047498	6.71359225181	5.51902134663	5.10453070133	4.64698888271	4.1418512946	4.00463335645	3.57028344508	3.31646268799	3.14098120776	2.58963727456	2.33069109419	2.14954328761	1.86470703776	1.75217542512	1.53846423295	1.41430858149	1.32030122504	1.29396717781	1.22831426179	1.03173786672	0.852367679987	0.750495544927	0.633259735075	0.522054132123	0.286618930685	0.143830174171	1.19868839592e-14