200 183
201 196
202 204
203 220
204 259
205 183
206 232
207 172
208 212
209 191
210 182
211 176
212 199
213 231
214 208
215 248
216 225
217 259
218 245
219 240
220 287
221 217
222 221
223 203
224 199
225 188
226 214
227 204
228 203
229 255
230 243
231 245
232 274
233 232
234 239
235 238
236 300
237 301
238 220
239 220
240 215
241 247
242 185
243 227
244 220
245 214
246 198
247 230
248 255
249 271
250 137
251 290
252 259
253 226
254 291
255 309
256 298
257 343
258 266
259 322
260 260
261 277
262 244
263 324
264 292
265 411
266 247
267 358
268 247
269 266
270 336
271 276
272 278
273 272
274 290
275 245
276 238
277 239
278 284
279 295
280 256
281 273
282 269
283 218
284 248
285 305
286 255
287 294
288 453
289 363
290 351
291 350
292 281
293 393
294 352
295 435
296 482
297 345
298 334
299 339
300 372
301 373
302 379
303 376
304 478
305 478
306 415
307 436
308 449
309 440
310 381
311 452
312 389
313 431
314 443
315 532
316 917
317 795
318 766
319 1225
320 653
321 622
322 1007
323 586
324 531
325 522
326 804
327 728
328 621
329 732
330 1565
331 2687
332 3158
333 12799
334 85764
335 3735
336 2143
337 3210
338 15284
339 3953
340 12408
341 6495
342 17554
343 81805
344 110470
345 26414
346 36809
347 58121
348 70994
349 290332
350 560750
351 47729
352 131997
353 950130
354 435942
355 956849
356 1254991
357 203486
358 43087
359 27947
360 7142
361 24327
362 32450
363 49722
364 10190
365 11566
366 18671
367 47150
368 374532
369 6788
370 10525
371 42212
372 3144
373 1955
374 620
375 419
376 646
377 2391
378 15836
379 647
380 484
381 1166
382 4047
383 857
384 457
385 2342
386 13160
387 777
388 103
389 65
390 67
391 65
392 37
393 81
394 139
395 79
396 59
397 55
398 183
399 87
400 209
401 211
402 92
403 75
404 86
405 280
406 114
407 57
408 38
409 26
410 8
411 13
412 10
413 9
414 17
415 18
416 78
417 34
418 12
419 8
420 5
421 12
422 3
423 3
424 3
425 11
426 1
427 3
428 10
429 18
430 101
431 8
432 1
433 1
434 3
435 6
436 6
437 3
438 4
439 3
440 6
441 6
442 5
443 3
444 2
445 5
446 13
447 4
448 14
449 2
450 5
451 4
452 2
453 2
454 1
455 1
456 2
457 12
458 19
459 40
460 143
461 11
462 6
463 5
464 4
466 3
467 3
469 1
470 2
471 1
472 3
473 1
474 1
476 1
477 1
479 1
480 1
481 2
482 1
