	sequences per sample	iteration	FN33	FN47	FN46	FN55	FN57	FN32	FN31	FN34	FN36	FN37	FN39	FN59	FN35	FN51	FN50	FN48	FN42	FN41	FN40	FN44	FN43	FN38	FN45	FN49	FN53	FN56	FN54	FN52	FN58	FN60
alpha_rarefaction_10_0.txt	10	0	13.0	29.0	9.0	12.0	55.0	13.0	8.5	23.0	29.0	23.0	55.0	13.0	12.0	12.0	12.0	23.0	8.5	16.0	16.0	23.0	13.0	12.0	23.0	8.0	55.0	29.0	12.0	23.0	9.0	23.0
alpha_rarefaction_10_1.txt	10	1	23.0	29.0	22.0	13.0	13.0	55.0	29.0	23.0	23.0	13.0	23.0	55.0	13.0	23.0	12.0	55.0	13.0	55.0	12.0	55.0	16.0	22.0	23.0	23.0	29.0	23.0	29.0	22.0	23.0	8.5
alpha_rarefaction_10_2.txt	10	2	23.0	13.0	6.5	23.0	13.0	23.0	55.0	23.0	55.0	55.0	13.0	23.0	12.0	29.0	13.0	55.0	23.0	11.0	7.0	23.0	23.0	23.0	55.0	29.0	8.5	29.0	23.0	23.0	8.5	13.0
alpha_rarefaction_10_3.txt	10	3	7.0	8.5	6.5	55.0	23.0	55.0	23.0	13.0	7.0	23.0	23.0	23.0	12.0	8.5	12.0	55.0	22.0	22.0	29.0	55.0	55.0	12.0	23.0	7.0	13.0	9.0	8.5	55.0	55.0	55.0
alpha_rarefaction_10_4.txt	10	4	23.0	23.0	16.0	55.0	23.0	23.0	12.0	13.0	13.0	22.0	55.0	13.0	8.5	23.0	13.0	23.0	29.0	4.0	29.0	23.0	29.0	22.0	23.0	16.0	7.0	8.5	8.5	29.0	23.0	9.0
alpha_rarefaction_10_5.txt	10	5	29.0	13.0	9.0	29.0	23.0	13.0	13.0	55.0	8.5	13.0	23.0	23.0	29.0	23.0	12.0	23.0	22.0	16.0	12.0	55.0	8.5	29.0	13.0	23.0	8.5	29.0	29.0	13.0	23.0	13.0
alpha_rarefaction_10_6.txt	10	6	29.0	55.0	22.0	13.0	22.0	12.0	23.0	12.0	8.5	13.0	23.0	8.5	8.5	12.0	12.0	55.0	55.0	22.0	29.0	13.0	55.0	22.0	13.0	13.0	13.0	13.0	8.5	23.0	13.0	55.0
alpha_rarefaction_10_7.txt	10	7	23.0	13.0	16.0	55.0	8.5	22.0	9.0	23.0	23.0	29.0	8.5	23.0	13.0	13.0	5.5	55.0	29.0	11.0	13.0	13.0	29.0	29.0	13.0	12.0	13.0	22.0	55.0	29.0	13.0	12.0
alpha_rarefaction_10_8.txt	10	8	13.0	55.0	6.5	55.0	13.0	23.0	55.0	23.0	12.0	23.0	55.0	29.0	13.0	12.0	8.5	23.0	23.0	23.0	9.0	55.0	13.0	16.0	13.0	5.5	23.0	22.0	12.0	4.0	12.0	12.0
alpha_rarefaction_10_9.txt	10	9	29.0	8.5	16.0	23.0	23.0	13.0	12.0	55.0	9.0	16.0	23.0	55.0	8.5	13.0	13.0	23.0	13.0	9.0	29.0	55.0	29.0	29.0	55.0	23.0	55.0	29.0	13.0	23.0	55.0	13.0
alpha_rarefaction_39360_0.txt	39360	0	373.137931034	273.677419355	372.896551724	485.44	372.277777778	509.75	443.5	354.441176471	340.162162162	427.896551724	389.75	500.279069767	275.5	384.636363636	267.136363636	439.0	372.294117647	459.32	414.638297872	481.903225806	417.617647059	294.230769231	485.171428571	273.4	333.55	436.666666667	386.619047619	491.477272727	400.0	250.047619048
alpha_rarefaction_39360_1.txt	39360	1	379.533333333	396.333333333	314.394736842	440.0	397.6	435.5	374.634146341	421.285714286	355.161290323	459.941176471	374.875	481.166666667	242.166666667	460.454545455	326.789473684	433.622222222	350.777777778	497.0625	407.162162162	466.0	395.171428571	267.4	462.41025641	300.12	288.0	410.886363636	349.285714286	489.0625	429.65625	250.25
alpha_rarefaction_39360_2.txt	39360	2	373.405405405	304.535714286	361.285714286	419.454545455	438.103448276	411.95	386.756756757	390.206896552	355.444444444	535.047619048	365.666666667	522.133333333	237.454545455	353.0	288.142857143	435.418604651	326.088235294	447.895833333	510.0	496.6	410.166666667	286.111111111	439.243243243	307.913043478	302.333333333	418.117647059	290.323529412	496.227272727	394.25	245.130434783
alpha_rarefaction_39360_3.txt	39360	3	352.0	347.25	344.027777778	371.941176471	395.833333333	393.590909091	469.0	377.848484848	330.5	456.5	354.0	523.028571429	259.235294118	371.64	279.142857143	453.551724138	333.923076923	459.765957447	429.238095238	452.0	407.5	280.24137931	469.294117647	329.545454545	263.857142857	438.076923077	321.954545455	523.097560976	412.0	235.652173913
alpha_rarefaction_39360_4.txt	39360	4	390.333333333	359.666666667	324.238095238	470.0	363.418604651	433.857142857	417.0	358.833333333	333.03125	429.24137931	356.757575758	505.882352941	301.588235294	385.166666667	288.956521739	421.837837838	332.363636364	453.365853659	432.6	464.1	488.37037037	299.108108108	487.512195122	286.555555556	242.473684211	409.972972973	311.033333333	547.733333333	393.058823529	215.619047619
alpha_rarefaction_39360_5.txt	39360	5	356.772727273	340.75	327.517241379	458.129032258	422.774193548	452.0	421.428571429	379.1	365.0	457.1	389.333333333	479.382978723	253.045454545	385.365853659	267.894736842	458.275862069	396.0	472.428571429	397.318181818	473.538461538	387.1875	320.181818182	462.170731707	391.235294118	284.166666667	427.857142857	321.64	499.957446809	396.823529412	283.1
alpha_rarefaction_39360_6.txt	39360	6	343.477272727	390.0	348.137931034	447.387096774	365.558139535	464.184210526	439.0	382.1875	318.555555556	416.0	375.823529412	502.72	237.285714286	376.2	310.714285714	455.256410256	377.441176471	515.078947368	425.4375	489.12	445.1	283.454545455	447.553191489	295.64	283.416666667	421.770833333	285.676470588	468.068181818	424.028571429	233.0
alpha_rarefaction_39360_7.txt	39360	7	343.41025641	313.037037037	339.394736842	451.24137931	363.206896552	413.0	403.166666667	466.24	321.25	417.03125	330.657894737	480.642857143	253.15	346.634146341	245.913043478	419.323529412	363.193548387	452.12244898	449.0	477.181818182	450.516129032	284.965517241	461.0	288.303030303	278.607142857	438.025641026	310.09375	458.352941176	397.303030303	248.555555556
alpha_rarefaction_39360_8.txt	39360	8	371.387096774	326.166666667	337.394736842	437.777777778	374.46875	386.4375	409.088235294	387.391304348	361.5	427.193548387	348.588235294	525.153846154	278.928571429	399.516129032	267.0	517.84	320.371428571	489.022222222	407.538461538	447.322580645	405.0	319.285714286	470.95	312.5	294.571428571	438.166666667	309.303030303	490.448979592	395.622222222	248.235294118
alpha_rarefaction_39360_9.txt	39360	9	349.181818182	323.636363636	324.333333333	457.5	380.028571429	415.153846154	397.9	406.444444444	312.763157895	418.2	386.535714286	519.0	267.666666667	383.027027027	283.035714286	508.0	324.0	445.022222222	478.117647059	471.517241379	395.0	268.076923077	528.529411765	292.096774194	261.913043478	452.294117647	299.107142857	520.0	426.0	265.055555556
alpha_rarefaction_78710_0.txt	78710	0	456.0	341.535714286	393.171428571	539.642857143	427.0	468.972972973	451.552631579	457.5	393.617647059	453.176470588	430.517241379	553.75	288.05	463.228571429	336.333333333	529.25	419.512195122	504.660377358	453.65	469.675675676	491.28125	320.0	507.133333333	329.517241379	328.0	485.666666667	359.333333333	563.066666667	412.956521739	259.7
alpha_rarefaction_78710_1.txt	78710	1	372.981132075	412.545454545	379.085714286	486.622222222	388.941176471	458.692307692	464.083333333	457.454545455	364.583333333	454.692307692	393.088235294	566.142857143	299.333333333	428.076923077	319.111111111	508.65625	425.090909091	556.30952381	503.0	530.615384615	449.405405405	324.0	535.085714286	335.037037037	335.5	485.171428571	361.727272727	563.7	440.885714286	262.0
alpha_rarefaction_78710_2.txt	78710	2	413.0	372.096774194	364.3125	458.411764706	411.405405405	459.736842105	457.837209302	418.40625	354.692307692	468.071428571	478.130434783	524.775	309.5625	433.5	308.333333333	517.428571429	469.2	548.9	438.617647059	503.756756757	469.848484848	312.933333333	515.625	353.2	321.04	504.75	369.2	520.857142857	487.848484848	259.285714286
alpha_rarefaction_78710_3.txt	78710	3	420.025641026	374.777777778	374.7	506.5	403.090909091	501.076923077	451.375	444.375	393.0	469.097560976	426.384615385	568.895833333	289.04	430.085714286	346.037037037	533.076923077	446.84375	498.269230769	474.0	530.275862069	450.477272727	323.0	489.06	334.277777778	376.647058824	496.935483871	376.37037037	543.1875	429.022222222	278.0
alpha_rarefaction_78710_4.txt	78710	4	408.0	387.913043478	410.4375	520.275	395.923076923	463.609756098	475.058823529	430.576923077	368.95	455.95	383.25	558.0	297.055555556	452.0	379.5	484.567567568	399.275	562.5	456.25	513.027027027	464.027777778	369.3125	522.333333333	328.275	364.882352941	480.636363636	382.6	564.0	446.454545455	295.142857143
alpha_rarefaction_78710_5.txt	78710	5	459.0	383.2	359.459459459	510.512195122	424.46875	429.692307692	426.4	496.714285714	371.219512195	478.025641026	437.965517241	573.8	324.5	497.8	310.363636364	523.0	384.591836735	604.023809524	474.848484848	499.029411765	433.523809524	293.076923077	569.7	308.363636364	328.038461538	474.028571429	487.714285714	582.736842105	438.571428571	304.6875
alpha_rarefaction_78710_6.txt	78710	6	420.477272727	416.307692308	373.736842105	474.348837209	363.947368421	452.630434783	466.0	465.916666667	349.617647059	504.0	416.291666667	530.583333333	288.05	443.073170732	332.384615385	532.884615385	420.5	523.384615385	467.153846154	501.096774194	463.617647059	307.029411765	510.95	382.5	319.0	459.772727273	445.6875	568.0	417.333333333	279.117647059
alpha_rarefaction_78710_7.txt	78710	7	475.794117647	376.8	409.153846154	605.777777778	438.125	509.4375	425.977272727	422.0	365.736842105	520.517241379	398.451612903	554.11627907	269.0	385.317073171	325.486486486	497.444444444	406.162162162	526.145833333	474.666666667	561.24137931	462.375	341.875	541.25	322.6	301.052631579	467.857142857	352.1875	595.026315789	413.684210526	266.333333333
alpha_rarefaction_78710_8.txt	78710	8	472.923076923	408.6	400.6	489.363636364	399.303030303	481.666666667	451.090909091	470.137931034	370.03125	461.5	389.416666667	569.1875	273.130434783	412.976744186	330.037037037	510.428571429	440.25	553.157894737	466.029411765	560.25	470.285714286	360.217391304	510.184210526	314.0	291.085714286	487.5	370.65625	521.8	447.317073171	325.666666667
alpha_rarefaction_78710_9.txt	78710	9	443.357142857	342.037037037	401.033333333	511.125	395.487179487	491.774193548	496.24137931	452.903225806	396.615384615	483.682926829	403.5	568.348837209	310.142857143	445.466666667	318.565217391	494.028571429	379.571428571	543.0625	458.567567568	525.303030303	506.363636364	306.666666667	511.6875	333.285714286	313.125	436.272727273	426.6	506.042553191	460.567567568	318.4
alpha_rarefaction_118060_0.txt	118060	0	445.5	403.09375	402.4	549.371428571	458.7	487.372093023	463.0	435.666666667	394.886363636	523.285714286	442.777777778	612.263157895	345.352941176	456.682926829	411.058823529	495.8	441.068181818	614.170731707	527.0	536.5	449.871794872	373.25	535.833333333	353.033333333	357.6	510.677419355	387.538461538	630.022727273	453.636363636	333.4375
alpha_rarefaction_118060_1.txt	118060	1	436.442307692	415.888888889	451.181818182	521.146341463	427.125	494.428571429	495.375	415.153846154	408.081081081	502.341463415	433.243243243	621.783783784	316.913043478	435.416666667	357.517241379	547.0	472.0	542.454545455	481.0	529.0	500.6	333.933333333	510.071428571	362.736842105	353.045454545	496.477272727	416.387096774	646.657894737	448.243243243	340.555555556
alpha_rarefaction_118060_2.txt	118060	2	454.023809524	381.527777778	462.111111111	522.571428571	469.25	490.357142857	476.0	450.394736842	431.137931034	557.588235294	444.076923077	577.153846154	304.235294118	500.5625	354.2	530.551724138	471.870967742	575.022727273	491.162162162	511.4	483.525	376.375	554.0	346.076923077	391.55	466.977272727	359.837837838	592.0	493.7	316.789473684
alpha_rarefaction_118060_3.txt	118060	3	506.323529412	388.825	401.642857143	528.088235294	484.571428571	536.757575758	471.0	435.0	425.40625	505.25	459.12	577.7	347.4	441.382978723	414.035714286	490.023809524	440.028571429	540.666666667	486.65	557.275862069	471.285714286	340.666666667	535.294117647	356.028571429	321.84	490.294117647	387.085714286	628.6	478.642857143	359.2
alpha_rarefaction_118060_4.txt	118060	4	452.058823529	410.037037037	416.263157895	537.069767442	491.111111111	526.5	467.692307692	463.947368421	403.0	554.363636364	449.0	575.163265306	314.5	435.777777778	429.0	539.081081081	456.026315789	609.322580645	487.567567568	504.022222222	452.272727273	345.12	543.294117647	358.756756757	395.65	460.219512195	389.083333333	553.442307692	461.6	302.894736842
alpha_rarefaction_118060_5.txt	118060	5	471.238095238	391.222222222	409.386363636	523.0	429.052631579	484.8	466.692307692	478.44	399.923076923	557.675675676	440.1875	590.386363636	358.434782609	463.083333333	321.277777778	522.162162162	465.84375	567.217391304	513.0	518.527777778	483.085714286	345.035714286	547.642857143	344.058823529	345.535714286	514.785714286	384.277777778	612.428571429	465.459459459	293.04
alpha_rarefaction_118060_6.txt	118060	6	470.068181818	407.285714286	413.081081081	527.357142857	442.2	486.923076923	485.30952381	464.0	408.677419355	479.87755102	469.615384615	607.0	356.375	432.333333333	331.5	554.870967742	444.294117647	545.936170213	496.30952381	539.166666667	470.41025641	364.555555556	525.243243243	350.0	347.115384615	517.40625	434.433333333	614.23255814	473.972972973	309.954545455
alpha_rarefaction_118060_7.txt	118060	7	467.127659574	410.0	429.448979592	542.447368421	423.384615385	496.857142857	483.717948718	454.088235294	393.37037037	506.026315789	410.277777778	603.081081081	291.363636364	438.75	373.551724138	564.25	423.41025641	558.8	506.025641026	549.0	462.630434783	356.166666667	551.27027027	379.027777778	343.125	506.0	389.088235294	614.341463415	474.736842105	359.6
alpha_rarefaction_118060_8.txt	118060	8	445.4	373.5	407.56097561	604.96875	474.666666667	514.022727273	492.0	442.885714286	385.692307692	507.0	470.551724138	610.069767442	335.0	475.777777778	368.1875	544.363636364	383.837837838	539.06	509.636363636	525.523809524	495.027027027	339.0	522.466666667	385.888888889	337.0	486.692307692	393.026315789	604.705882353	496.027777778	317.3
alpha_rarefaction_118060_9.txt	118060	9	473.153846154	393.166666667	430.848484848	494.666666667	436.133333333	499.0	497.294117647	479.65625	408.0	484.216216216	463.0	571.622222222	322.045454545	413.775	404.0	518.03030303	420.976744186	617.523809524	520.153846154	543.029411765	463.617647059	329.029411765	548.666666667	381.294117647	331.0	494.41025641	431.783783784	658.552631579	497.46875	262.193548387
alpha_rarefaction_157410_0.txt	157410	0	500.06122449	381.534883721	451.073170732	548.346938776	453.666666667	500.634146341	480.076923077	479.03030303	436.071428571	544.777777778	482.2	606.027027027	339.142857143	525.161290323	375.0	554.075	454.375	637.108108108	542.153846154	568.875	525.25	346.777777778	536.526315789	375.27027027	368.384615385	524.0	438.153846154	614.765957447	511.03030303	323.24
alpha_rarefaction_157410_1.txt	157410	1	486.264150943	419.517241379	432.727272727	588.533333333	450.777777778	505.486486486	523.75	465.459459459	440.65625	491.317073171	466.0	614.733333333	346.869565217	539.076923077	345.0	585.216216216	434.833333333	579.608695652	543.028571429	538.032258065	472.875	390.12	566.216216216	367.4	405.526315789	504.032258065	431.0	596.022222222	495.285714286	343.772727273
alpha_rarefaction_157410_2.txt	157410	2	500.052631579	426.037037037	444.87804878	617.085714286	478.525	515.972972973	505.9	484.285714286	450.935483871	543.583333333	466.0	594.25	349.772727273	487.71875	396.5	514.418604651	452.263157895	568.553191489	504.5	588.037037037	526.058823529	370.217391304	553.487179487	340.24137931	454.1875	502.634146341	392.317073171	681.170731707	486.923076923	333.333333333
alpha_rarefaction_157410_3.txt	157410	3	457.12244898	440.5	437.162162162	564.65	473.181818182	521.0	528.689655172	466.65625	428.525	560.947368421	515.043478261	647.717948718	375.0	433.196078431	359.032258065	528.0	438.692307692	569.466666667	534.277777778	602.434782609	504.7	351.451612903	556.823529412	389.3125	359.416666667	485.775	441.275862069	616.217391304	500.724137931	346.5
alpha_rarefaction_157410_4.txt	157410	4	482.133333333	400.193548387	462.028571429	533.2	467.3125	579.517241379	486.625	509.6	458.896551724	508.382978723	445.026315789	580.272727273	358.565217391	472.9	371.64	536.2	431.837837838	613.0	520.666666667	518.487179487	505.027027027	379.033333333	559.692307692	404.285714286	376.956521739	539.125	392.352941176	654.319148936	442.657894737	344.136363636
alpha_rarefaction_157410_5.txt	157410	5	471.263157895	408.486486486	433.022222222	605.027777778	476.25	528.0	489.206896552	520.037037037	420.394736842	556.527777778	464.428571429	594.153846154	337.111111111	489.636363636	357.03125	612.076923077	431.487179487	600.3125	550.676470588	526.142857143	496.285714286	371.222222222	553.571428571	364.527777778	396.5	518.0	496.64	598.076923077	528.125	338.8
alpha_rarefaction_157410_6.txt	157410	6	531.957446809	384.529411765	445.0	537.23255814	449.052631579	523.181818182	505.046511628	468.033333333	426.632653061	556.25	467.2	627.277777778	331.230769231	475.027777778	325.387096774	554.277777778	451.219512195	582.025	530.046511628	612.5	505.638297872	351.692307692	640.666666667	369.926829268	328.444444444	518.263157895	396.857142857	637.488372093	506.609756098	306.476190476
alpha_rarefaction_157410_7.txt	157410	7	503.857142857	401.454545455	441.534883721	529.234042553	487.620689655	499.571428571	488.783783784	441.243243243	454.277777778	524.384615385	466.176470588	662.333333333	322.2	449.8	347.090909091	564.0	450.886363636	622.571428571	490.076923077	526.25	479.6	348.885714286	550.675675676	357.12195122	414.055555556	552.323529412	449.216216216	626.066666667	473.5	303.5
alpha_rarefaction_157410_8.txt	157410	8	468.936170213	399.0	506.0	569.021276596	493.870967742	557.387096774	492.171428571	482.1	443.97826087	570.052631579	494.285714286	605.12244898	348.75	456.352941176	366.6	511.325	456.923076923	574.12244898	538.081081081	532.157894737	488.176470588	374.0	600.137931034	370.777777778	374.333333333	544.428571429	379.875	633.428571429	545.12	346.5
alpha_rarefaction_157410_9.txt	157410	9	487.818181818	416.090909091	404.254237288	552.053571429	514.34375	532.571428571	453.046511628	472.0	439.0	526.5	495.884615385	592.0	349.0	450.285714286	390.260869565	526.317073171	439.25	579.145833333	545.571428571	614.12	495.567567568	371.875	573.277777778	398.0	376.391304348	532.24137931	408.028571429	608.666666667	546.757575758	331.526315789
alpha_rarefaction_196760_0.txt	196760	0	517.02173913	408.25	449.375	580.512195122	511.162162162	521.666666667	500.783783784	479.166666667	449.682926829	604.363636364	491.833333333	644.416666667	346.230769231	516.024390244	375.193548387	545.458333333	453.222222222	645.692307692	536.076923077	574.3125	504.95	383.111111111	601.303030303	355.609756098	388.076923077	517.285714286	432.157894737	667.326086957	495.323529412	332.034482759
alpha_rarefaction_196760_1.txt	196760	1	580.45	411.028571429	460.0	575.166666667	482.096774194	534.285714286	511.238095238	509.7	421.783783784	555.166666667	461.25	609.447368421	337.954545455	518.073170732	435.181818182	565.0	455.071428571	632.222222222	565.972972973	574.090909091	531.65625	346.75	591.029411765	374.823529412	384.5	515.317073171	433.2	598.232142857	513.333333333	414.652173913
alpha_rarefaction_196760_2.txt	196760	2	517.538461538	432.567567568	492.153846154	543.255319149	489.64	555.363636364	521.538461538	493.333333333	427.736842105	552.666666667	488.0	613.8	371.964285714	484.166666667	398.038461538	555.341463415	455.0	631.133333333	569.486486486	544.0	503.6	366.487179487	601.5	385.736842105	369.0	511.833333333	471.41025641	642.566037736	512.184210526	336.956521739
alpha_rarefaction_196760_3.txt	196760	3	506.166666667	418.0	474.363636364	648.181818182	477.277777778	510.923076923	469.263157895	463.076923077	455.294117647	592.903225806	496.37037037	617.923076923	357.033333333	488.875	432.28125	540.071428571	449.487179487	615.075	577.527777778	588.25	506.947368421	343.916666667	579.926829268	386.03125	471.9375	617.6875	445.636363636	659.651162791	502.108108108	350.391304348
alpha_rarefaction_196760_4.txt	196760	4	493.0	439.217391304	433.317073171	580.12244898	475.583333333	545.0	506.219512195	526.666666667	438.166666667	546.0	470.0	614.163265306	334.260869565	477.238095238	391.7	544.216216216	464.171428571	594.1875	541.15	529.666666667	517.166666667	358.28125	598.5	355.136363636	380.384615385	538.0	413.914893617	689.634146341	505.527777778	353.25
alpha_rarefaction_196760_5.txt	196760	5	475.893617021	388.692307692	454.028571429	602.5	486.0	565.8	498.486486486	496.567567568	457.222222222	533.270833333	467.0	623.029411765	381.055555556	481.441860465	339.285714286	566.026315789	463.583333333	568.068965517	565.25	552.454545455	527.903225806	390.206896552	574.03125	384.303030303	383.619047619	530.756756757	422.02173913	679.571428571	501.157894737	333.46875
alpha_rarefaction_196760_6.txt	196760	6	491.404255319	441.037037037	449.125	575.0	449.923076923	539.1875	475.657894737	506.085714286	421.818181818	575.6	474.03125	618.923076923	366.0	471.976744186	395.181818182	549.162790698	454.034482759	675.6	506.333333333	561.0	516.394736842	407.217391304	587.333333333	377.023809524	403.217391304	574.0	482.363636364	638.166666667	507.034482759	396.555555556
alpha_rarefaction_196760_7.txt	196760	7	526.071428571	423.777777778	491.25	575.02173913	472.0	579.785714286	530.088235294	469.346938776	449.081081081	567.552631579	472.8	650.777777778	354.545454545	502.166666667	425.777777778	532.826086957	436.738095238	611.136363636	542.857142857	542.06	524.027777778	371.954545455	581.2	363.219512195	402.181818182	497.724137931	415.176470588	666.837209302	486.076923077	335.636363636
alpha_rarefaction_196760_8.txt	196760	8	554.0	416.035714286	459.0	545.837209302	500.689655172	545.285714286	487.3125	526.129032258	499.125	535.608695652	465.052631579	616.65	416.0	502.617647059	383.777777778	588.75	462.03125	619.4375	514.731707317	530.125	507.535714286	383.576923077	572.028571429	371.384615385	337.333333333	536.166666667	398.142857143	632.307692308	487.325	383.65
alpha_rarefaction_196760_9.txt	196760	9	502.12244898	463.6	474.84375	578.021276596	522.333333333	502.078947368	482.923076923	525.137931034	425.333333333	515.56	471.294117647	625.7	432.142857143	506.617647059	435.5	572.243902439	476.534883721	634.071428571	538.076923077	567.029411765	489.142857143	398.176470588	560.885714286	391.184210526	379.5	526.322580645	422.538461538	651.87804878	517.0	440.0
alpha_rarefaction_236110_0.txt	236110	0	551.125	418.107142857	482.058823529	558.775510204	495.95	556.5	522.0	472.277777778	436.0	623.926829268	475.833333333	607.837837838	362.107142857	516.081081081	411.677419355	595.025641026	469.071428571	613.073170732	547.7	594.025641026	546.166666667	374.71875	600.5	368.45	410.375	562.15	438.162162162	667.5	530.567567568	377.24137931
alpha_rarefaction_236110_1.txt	236110	1	541.488372093	429.6	449.923076923	605.0	472.486486486	536.394736842	562.275862069	497.625	468.0	576.8	485.0	698.885714286	383.181818182	541.736842105	370.357142857	608.294117647	481.30952381	624.82	591.833333333	561.028571429	536.090909091	390.848484848	600.538461538	401.181818182	384.214285714	558.7	459.0625	651.82	494.371428571	381.666666667
alpha_rarefaction_236110_2.txt	236110	2	532.12244898	434.303030303	457.717948718	602.348837209	515.161290323	562.026315789	610.157894737	502.0	442.294117647	620.487179487	491.153846154	644.512195122	346.434782609	479.625	391.171428571	587.848484848	468.418604651	610.352941176	559.25	637.538461538	504.0	357.1	603.333333333	390.775	403.75	543.206896552	429.477272727	660.4375	569.541666667	402.954545455
alpha_rarefaction_236110_3.txt	236110	3	506.97826087	413.035714286	467.7	597.125	508.454545455	551.09375	536.294117647	479.677419355	455.0	540.538461538	477.1	646.375	341.363636364	473.837837838	367.790697674	568.9	477.382978723	593.11627907	569.0	588.027777778	558.777777778	358.935483871	587.103448276	379.875	395.103448276	550.724137931	431.477272727	661.212765957	509.1875	369.933333333
alpha_rarefaction_236110_4.txt	236110	4	518.736842105	452.181818182	503.923076923	570.288461538	494.097560976	565.857142857	557.583333333	492.303030303	408.692307692	570.27027027	507.0	657.15	369.869565217	511.666666667	402.888888889	577.682926829	449.9	614.348837209	559.195652174	581.028571429	502.4	370.965517241	575.108108108	388.885714286	398.714285714	562.026315789	523.533333333	691.608695652	540.5	367.964285714
alpha_rarefaction_236110_5.txt	236110	5	501.895833333	410.933333333	492.285714286	584.571428571	506.088235294	563.0	542.083333333	517.181818182	490.0	577.025	479.823529412	657.636363636	367.384615385	500.097560976	414.8	596.25	462.527777778	592.365384615	526.25	565.032258065	584.5625	396.576923077	573.1	433.833333333	397.12	538.4	449.085714286	652.307692308	539.263157895	328.724137931
alpha_rarefaction_236110_6.txt	236110	6	536.294117647	424.459459459	499.6	545.358490566	534.636363636	568.085714286	593.12	478.214285714	464.176470588	561.25	549.5	607.528301887	377.954545455	476.75	412.785714286	580.125	470.926829268	631.0	612.441176471	551.75	556.157894737	357.34375	579.363636364	418.888888889	407.64	541.567567568	455.146341463	661.56	550.6	338.333333333
alpha_rarefaction_236110_7.txt	236110	7	513.56	482.884615385	492.567567568	545.097560976	510.774193548	531.454545455	549.230769231	518.24137931	442.176470588	586.022222222	523.666666667	646.025641026	362.37037037	562.666666667	363.25	594.0	465.166666667	617.0	599.348837209	560.826086957	498.195652174	374.222222222	603.0	448.777777778	433.6	564.451612903	454.075	663.5	511.303030303	382.161290323
alpha_rarefaction_236110_8.txt	236110	8	502.725490196	444.333333333	465.677419355	583.0	502.162162162	546.567567568	511.394736842	478.957446809	449.717948718	544.382978723	515.857142857	650.7	386.0	592.25	387.486486486	568.727272727	441.837209302	602.282608696	565.146341463	583.322580645	558.323529412	386.035714286	623.8	400.09375	374.130434783	558.181818182	446.027027027	673.063829787	538.333333333	391.285714286
alpha_rarefaction_236110_9.txt	236110	9	554.857142857	429.454545455	439.638297872	587.375	539.516129032	549.5	562.617647059	509.184210526	444.162790698	557.857142857	503.534883721	586.333333333	354.034482759	523.348837209	384.487179487	573.263157895	460.75	622.075	528.666666667	609.516129032	581.222222222	388.25	602.03030303	383.026315789	386.6	557.029411765	416.88372093	680.0	527.034482759	403.55
alpha_rarefaction_275460_0.txt	275460	0	584.282608696	417.4375	502.081081081	610.348837209	561.125	541.571428571	511.916666667	515.09375	472.0	544.92	509.090909091	641.947368421	404.130434783	596.344827586	407.029411765	581.181818182	483.642857143	628.0	557.163265306	587.6	532.558139535	394.12	567.333333333	415.2	397.12	526.058823529	485.947368421	711.384615385	519.675675676	375.538461538
alpha_rarefaction_275460_1.txt	275460	1	531.0	480.576923077	451.076923077	635.6	554.111111111	545.692307692	533.777777778	505.033333333	471.3125	549.318181818	487.028571429	630.333333333	400.434782609	578.5	455.965517241	572.477272727	499.083333333	633.024390244	533.365384615	636.965517241	500.5	379.041666667	598.0	400.763157895	399.12	576.125	448.090909091	662.352941176	558.888888889	404.105263158
alpha_rarefaction_275460_2.txt	275460	2	552.2	455.322580645	487.837209302	567.769230769	564.1875	597.037037037	561.454545455	490.903225806	457.947368421	603.216216216	517.157894737	702.21875	457.9375	587.6	414.7	580.394736842	457.813953488	652.153846154	537.222222222	574.88372093	557.5	388.12	577.885714286	413.0	387.363636364	597.333333333	445.727272727	681.021276596	536.085714286	363.033333333
alpha_rarefaction_275460_3.txt	275460	3	546.42	456.965517241	508.972972973	582.358490566	516.3125	559.153846154	508.56097561	491.078947368	496.533333333	593.075	494.0	706.176470588	376.037037037	523.0	360.166666667	589.571428571	450.063829787	626.195652174	584.139534884	587.0	534.416666667	403.107142857	572.522727273	397.418604651	411.391304348	559.756756757	452.538461538	673.022727273	531.926829268	441.75
alpha_rarefaction_275460_4.txt	275460	4	523.72	446.583333333	465.565217391	571.243902439	528.857142857	570.027777778	522.558139535	527.1875	473.193548387	586.136363636	495.642857143	637.56	428.181818182	515.068181818	412.1875	602.0	485.12	633.340909091	571.022222222	575.052631579	569.263157895	433.038461538	650.730769231	406.833333333	396.285714286	583.620689655	474.567567568	644.741935484	520.418604651	346.6
alpha_rarefaction_275460_5.txt	275460	5	527.516129032	458.029411765	460.441860465	601.130434783	527.0	617.724137931	551.875	472.78125	484.451612903	555.790697674	485.783783784	638.238095238	434.25	522.085714286	407.166666667	594.87755102	472.4	689.068181818	551.468085106	588.171428571	546.3125	384.136363636	618.0	415.1	455.04	524.666666667	424.654545455	643.132075472	525.634146341	361.777777778
alpha_rarefaction_275460_6.txt	275460	6	538.238095238	439.441176471	511.941176471	602.3125	522.026315789	650.8	531.071428571	507.294117647	462.405405405	584.025	512.322580645	657.088235294	473.333333333	531.363636364	392.459459459	596.125	457.078947368	656.0	576.617647059	593.9	535.736842105	410.869565217	628.260869565	389.923076923	395.166666667	564.0	483.0	719.923076923	544.736842105	386.833333333
alpha_rarefaction_275460_7.txt	275460	7	534.02173913	450.724137931	510.228571429	566.269230769	565.206896552	534.285714286	535.088235294	528.5	440.275	561.5625	534.285714286	683.28125	363.166666667	532.935483871	430.848484848	614.870967742	460.272727273	613.958333333	581.024390244	568.166666667	529.065217391	397.035714286	616.483870968	412.535714286	369.37037037	604.111111111	472.0	730.318181818	578.387096774	373.538461538
alpha_rarefaction_275460_8.txt	275460	8	517.466666667	445.294117647	479.7	598.0	550.37037037	552.41025641	524.033333333	553.6	445.441176471	591.024390244	514.256410256	643.790697674	395.142857143	548.387096774	412.0	572.972972973	507.0	631.277777778	550.133333333	607.275862069	503.775	376.181818182	647.333333333	386.71875	375.896551724	563.405405405	423.101694915	689.488372093	549.357142857	386.375
alpha_rarefaction_275460_9.txt	275460	9	531.066666667	416.675675676	469.153846154	595.1	526.5	575.375	591.652173913	498.0	433.441860465	609.87804878	520.085714286	659.088235294	407.5	547.022727273	417.0	568.088235294	483.447368421	620.2	572.508474576	599.0	564.6	427.285714286	605.777777778	414.181818182	397.032258065	551.0	446.8	680.125	538.375	355.384615385
alpha_rarefaction_314810_0.txt	314810	0	546.4375	462.965517241	506.405405405	608.781818182	511.193548387	587.896551724	552.607142857	524.096774194	485.088235294	603.941176471	488.941176471	666.405405405	445.333333333	550.625	442.090909091	576.777777778	498.583333333	630.518518519	585.348837209	620.277777778	533.638297872	415.5	625.3125	393.277777778	396.3125	547.871794872	465.638297872	670.782608696	532.783783784	380.1875
alpha_rarefaction_314810_1.txt	314810	1	555.022222222	435.617647059	469.238095238	610.918367347	523.029411765	572.571428571	541.275	531.333333333	442.384615385	612.166666667	496.108108108	640.622222222	426.043478261	523.965517241	431.888888889	590.441860465	458.41025641	629.818181818	581.153846154	582.617647059	547.65	412.454545455	618.085714286	390.692307692	404.3	544.157894737	496.7	677.32	595.181818182	387.038461538
alpha_rarefaction_314810_2.txt	314810	2	549.944444444	431.731707317	496.076923077	577.263157895	524.933333333	604.0	533.076923077	545.444444444	452.386363636	600.256410256	495.8	732.483870968	414.666666667	517.0	443.6	591.022222222	497.428571429	644.018181818	572.384615385	597.64	553.0	431.285714286	610.384615385	423.0	408.8	596.666666667	503.636363636	663.725490196	561.454545455	413.142857143
alpha_rarefaction_314810_3.txt	314810	3	522.038461538	455.0	500.441176471	633.02	525.025641026	584.40625	509.47826087	525.428571429	496.71875	568.666666667	535.275862069	644.642857143	411.0	556.387096774	410.03030303	587.411764706	475.135135135	646.139534884	560.109090909	613.176470588	522.227272727	400.103448276	589.871794872	418.303030303	380.833333333	529.636363636	471.025641026	673.346938776	561.03125	390.451612903
alpha_rarefaction_314810_4.txt	314810	4	534.0	449.6	476.872340426	578.022222222	558.538461538	561.285714286	543.447368421	533.24137931	452.076923077	590.651162791	516.0	663.538461538	394.933333333	577.363636364	434.2	589.411764706	480.5	690.621621622	564.56	607.525	539.926829268	393.344827586	612.0	426.535714286	500.0	573.394736842	464.256410256	667.267857143	547.181818182	365.37037037
alpha_rarefaction_314810_5.txt	314810	5	569.65	449.6	489.0	636.0625	640.0	558.823529412	591.615384615	552.451612903	443.195652174	577.956521739	525.3125	634.731707317	407.260869565	573.433333333	428.46875	584.219512195	465.5	651.023809524	571.717948718	618.6	541.318181818	428.75	613.0	406.323529412	381.243243243	554.8	493.181818182	667.0	530.634146341	383.483870968
alpha_rarefaction_314810_6.txt	314810	6	568.488372093	449.0	482.341463415	596.024390244	558.447368421	584.153846154	521.228571429	565.954545455	465.756756757	591.957446809	508.03125	656.263157895	392.037037037	547.025	443.6	569.489795918	468.692307692	659.022222222	563.872340426	596.166666667	554.813953488	381.333333333	647.137931034	406.0	396.416666667	580.44	472.171428571	686.1	508.4375	375.1
alpha_rarefaction_314810_7.txt	314810	7	556.063829787	457.730769231	483.9	601.133333333	512.344827586	558.558139535	536.1	530.090909091	461.772727273	606.538461538	500.0	645.108108108	428.5	551.0	412.344827586	620.028571429	505.083333333	636.117647059	565.097560976	619.125	542.219512195	395.038461538	608.642857143	399.344827586	394.0	562.517241379	467.857142857	686.065217391	549.5	412.636363636
alpha_rarefaction_314810_8.txt	314810	8	502.967741935	458.75	483.341463415	597.166666667	522.083333333	581.027777778	560.24137931	490.568181818	484.181818182	602.15	510.567567568	637.272727273	434.3	543.0	455.275862069	582.162790698	478.571428571	654.25	574.0	594.1	536.642857143	427.0	619.965517241	418.09375	412.391304348	613.615384615	459.0	715.020408163	527.527777778	362.6
alpha_rarefaction_314810_9.txt	314810	9	545.0	453.0	463.666666667	606.109090909	536.689655172	574.24137931	546.517241379	502.25	439.666666667	569.52	505.56097561	649.238095238	399.8	538.146341463	423.7	588.717948718	471.75	641.942307692	569.923076923	640.935483871	551.571428571	394.363636364	623.285714286	400.5	479.8	587.083333333	476.428571429	719.923076923	553.0	381.037037037
alpha_rarefaction_354160_0.txt	354160	0	529.0	466.03125	518.025	601.962264151	552.162162162	589.46875	539.1	600.166666667	486.0	607.0	522.03125	683.451612903	438.5	518.184210526	429.037037037	623.071428571	489.571428571	643.117647059	605.935483871	608.09375	547.772727273	383.228571429	652.84	430.1	404.677419355	593.833333333	477.0	705.0	530.5	401.615384615
alpha_rarefaction_354160_1.txt	354160	1	551.136363636	474.029411765	487.029411765	607.142857143	506.052631579	552.571428571	553.275	547.038461538	475.294117647	598.195652174	524.394736842	644.0	400.037037037	547.166666667	430.285714286	600.097560976	488.25	675.357142857	585.153846154	614.24137931	543.523809524	408.0	621.285714286	403.076923077	430.565217391	621.935483871	472.534883721	666.052631579	565.677419355	400.964285714
alpha_rarefaction_354160_2.txt	354160	2	582.022727273	437.923076923	506.5	601.524590164	534.083333333	653.535714286	563.525	542.46875	454.731707317	611.0	526.03030303	640.22	428.24	552.076923077	446.40625	595.902439024	493.848484848	678.87804878	593.026315789	626.636363636	550.558139535	401.161290323	610.8	417.193548387	425.0	549.558139535	491.0	686.333333333	545.0	404.125
alpha_rarefaction_354160_3.txt	354160	3	522.02	461.033333333	500.256410256	662.583333333	520.03030303	564.317073171	528.333333333	537.0	480.219512195	571.75	517.65	668.081081081	466.5	571.181818182	480.04	586.875	477.5	672.357142857	558.692307692	614.24137931	554.609756098	395.555555556	607.763157895	399.071428571	407.1	554.076923077	502.387096774	691.529411765	532.285714286	423.636363636
alpha_rarefaction_354160_4.txt	354160	4	540.857142857	477.181818182	489.416666667	634.065217391	510.03030303	577.09375	567.538461538	535.730769231	506.823529412	623.088235294	523.083333333	688.0	416.125	554.075	423.037037037	597.022222222	495.571428571	641.5	567.02173913	612.166666667	563.525	410.65625	630.7	420.033333333	401.1	589.0	502.15	714.340909091	566.037037037	387.730769231
alpha_rarefaction_354160_5.txt	354160	5	571.411764706	480.357142857	522.666666667	610.058823529	539.025	585.1875	562.027777778	568.689655172	471.56097561	576.130434783	512.736842105	703.216216216	425.333333333	571.0	439.441176471	579.519230769	490.384615385	664.222222222	593.026315789	618.028571429	533.558139535	383.176470588	621.285714286	425.357142857	411.033333333	563.8	457.857142857	657.807692308	534.333333333	392.12
alpha_rarefaction_354160_6.txt	354160	6	510.737704918	453.028571429	545.7	590.0	555.941176471	554.578947368	545.736842105	515.923076923	467.303030303	574.12244898	512.184210526	680.171428571	414.260869565	528.085714286	462.275862069	585.52173913	467.333333333	688.477272727	579.857142857	620.833333333	546.692307692	426.714285714	651.576923077	414.166666667	446.230769231	557.222222222	479.617647059	704.245283019	561.0	420.275862069
alpha_rarefaction_354160_7.txt	354160	7	581.117647059	442.75	527.533333333	617.736842105	592.111111111	573.125	546.441176471	540.538461538	486.1875	633.763157895	524.085714286	692.139534884	435.5	547.823529412	471.541666667	609.071428571	516.5	661.023809524	589.027027027	593.441176471	551.756756757	432.0	637.0	417.058823529	390.451612903	564.6	456.275	661.842105263	524.526315789	389.375
alpha_rarefaction_354160_8.txt	354160	8	548.957446809	472.965517241	537.736842105	614.942307692	525.256410256	588.451612903	571.875	516.028571429	502.774193548	597.222222222	529.0	711.428571429	423.75	585.344827586	416.176470588	574.06	493.108108108	687.675675676	574.813953488	625.636363636	563.0	399.111111111	633.607142857	418.46875	419.807692308	565.622222222	497.028571429	679.018518519	603.333333333	376.777777778
alpha_rarefaction_354160_9.txt	354160	9	506.784313725	457.0	538.78125	620.0	549.617647059	569.171428571	521.734693878	533.03125	466.75	576.777777778	517.947368421	676.153846154	406.5	592.730769231	433.303030303	576.976744186	475.692307692	657.765957447	592.848484848	611.394736842	551.756756757	423.807692308	641.833333333	414.571428571	397.0	552.142857143	524.344827586	706.428571429	549.1	382.03125
alpha_rarefaction_393510_0.txt	393510	0	566.4375	453.459459459	483.22	714.275862069	556.025	588.27027027	559.294117647	536.206896552	459.0	590.386363636	496.195652174	695.075	438.12	560.0	438.3125	615.375	471.4	670.326086957	569.666666667	599.617647059	568.162162162	417.111111111	670.777777778	415.294117647	441.7	576.428571429	528.885714286	678.857142857	530.451612903	424.333333333
alpha_rarefaction_393510_1.txt	393510	1	554.857142857	462.028571429	486.731707317	652.578947368	622.037037037	572.926829268	532.363636364	509.363636364	469.571428571	603.818181818	511.272727273	649.352941176	438.12	567.157894737	452.636363636	565.245901639	473.0	709.6	589.11627907	602.303030303	547.170731707	405.894736842	641.0	430.1875	415.035714286	600.774193548	476.87804878	660.225806452	572.964285714	372.578947368
alpha_rarefaction_393510_2.txt	393510	2	576.0	439.078947368	507.068181818	698.322580645	597.5	594.090909091	580.441176471	545.666666667	473.3125	576.442307692	506.977272727	679.11627907	438.12	561.058823529	437.483870968	592.666666667	480.902439024	683.022222222	599.0	632.785714286	544.5	429.545454545	614.285714286	402.885714286	402.7	548.219512195	499.0	697.517241379	554.25	431.24
alpha_rarefaction_393510_3.txt	393510	3	585.341463415	452.837837838	493.857142857	678.027777778	516.926829268	574.441176471	603.1	565.689655172	476.0	621.25	534.0	685.029411765	438.12	546.454545455	431.416666667	596.976744186	483.078947368	658.636363636	574.976744186	593.46875	549.071428571	412.333333333	612.837837838	414.40625	397.363636364	558.25	546.848484848	720.125	624.789473684	449.714285714
alpha_rarefaction_393510_4.txt	393510	4	551.765957447	439.125	501.666666667	649.0	521.238095238	571.317073171	587.033333333	544.322580645	489.03030303	584.960784314	527.277777778	680.285714286	438.12	569.285714286	430.0	616.375	477.0	683.447368421	594.857142857	643.935483871	548.88372093	428.956521739	618.303030303	430.0	410.038461538	572.1	476.166666667	669.962264151	549.357142857	432.5
alpha_rarefaction_393510_5.txt	393510	5	573.023255814	463.0	541.216216216	617.12244898	604.535714286	569.028571429	554.6	524.107142857	479.0	575.7	504.936170213	698.567567568	438.12	557.0	424.176470588	599.02173913	499.487179487	641.185185185	587.022222222	605.756756757	545.88372093	431.869565217	619.0	414.40625	416.052631579	583.03125	471.4	720.538461538	590.083333333	359.0
alpha_rarefaction_393510_6.txt	393510	6	578.923076923	453.833333333	486.692307692	642.021276596	538.026315789	614.285714286	556.277777778	520.103448276	477.583333333	581.565217391	517.777777778	722.41025641	438.12	531.166666667	444.896551724	600.902439024	478.0	677.130434783	595.083333333	623.551724138	548.523809524	423.875	642.964285714	424.848484848	481.333333333	595.088235294	507.84375	733.115384615	578.444444444	412.689655172
alpha_rarefaction_393510_7.txt	393510	7	549.773584906	477.09375	494.736842105	618.518518519	569.552631579	573.294117647	573.027777778	503.5	471.487179487	576.0	511.0	699.617647059	438.12	568.756756757	492.0	606.11627907	478.609756098	666.466666667	555.590909091	613.0	552.625	433.8	648.275862069	412.676470588	410.527777778	572.03125	487.025	714.125	598.666666667	442.25
alpha_rarefaction_393510_8.txt	393510	8	525.018518519	467.428571429	501.609756098	606.25	513.0	574.0	537.617647059	525.571428571	484.0	588.163265306	535.933333333	660.394736842	438.12	588.9375	423.032258065	596.886363636	481.125	677.923076923	571.042553191	615.029411765	534.886363636	434.5	632.0	429.0	421.294117647	561.275	461.622222222	693.0	534.428571429	407.785714286
alpha_rarefaction_393510_9.txt	393510	9	598.0	454.459459459	526.363636364	643.294117647	542.40625	594.088235294	572.256410256	535.0	497.0	578.472727273	516.052631579	663.87755102	438.12	540.46875	478.04	600.770833333	487.135135135	656.1875	599.076923077	645.137931034	541.418604651	426.5	639.933333333	404.0	437.483870968	567.823529412	471.090909091	691.685185185	581.75	405.260869565