	sequences per sample	iteration	FN33	FN47	FN46	FN55	FN57	FN32	FN31	FN34	FN36	FN37	FN39	FN59	FN35	FN51	FN50	FN48	FN42	FN41	FN40	FN44	FN43	FN38	FN45	FN49	FN53	FN56	FN54	FN52	FN58	FN60
alpha_rarefaction_10_0.txt	10	0	8.0	8.0	6.0	7.0	10.0	8.0	7.0	9.0	8.0	9.0	10.0	8.0	7.0	7.0	7.0	9.0	7.0	6.0	6.0	9.0	8.0	7.0	9.0	5.0	10.0	8.0	7.0	9.0	6.0	9.0
alpha_rarefaction_10_1.txt	10	1	9.0	8.0	7.0	8.0	8.0	10.0	8.0	9.0	9.0	8.0	9.0	10.0	8.0	9.0	7.0	10.0	8.0	10.0	7.0	10.0	6.0	7.0	9.0	9.0	8.0	9.0	8.0	7.0	9.0	7.0
alpha_rarefaction_10_2.txt	10	2	9.0	8.0	5.0	9.0	8.0	9.0	10.0	9.0	10.0	10.0	8.0	9.0	7.0	8.0	8.0	10.0	9.0	5.0	6.0	9.0	9.0	9.0	10.0	8.0	7.0	8.0	9.0	9.0	7.0	8.0
alpha_rarefaction_10_3.txt	10	3	6.0	7.0	5.0	10.0	9.0	10.0	9.0	8.0	6.0	9.0	9.0	9.0	7.0	7.0	7.0	10.0	7.0	7.0	8.0	10.0	10.0	7.0	9.0	6.0	8.0	6.0	7.0	10.0	10.0	10.0
alpha_rarefaction_10_4.txt	10	4	9.0	9.0	6.0	10.0	9.0	9.0	7.0	8.0	8.0	7.0	10.0	8.0	7.0	9.0	8.0	9.0	8.0	3.0	8.0	9.0	8.0	7.0	9.0	6.0	6.0	7.0	7.0	8.0	9.0	6.0
alpha_rarefaction_10_5.txt	10	5	8.0	8.0	6.0	8.0	9.0	8.0	8.0	10.0	7.0	8.0	9.0	9.0	8.0	9.0	7.0	9.0	7.0	6.0	7.0	10.0	7.0	8.0	8.0	9.0	7.0	8.0	8.0	8.0	9.0	8.0
alpha_rarefaction_10_6.txt	10	6	8.0	10.0	7.0	8.0	7.0	7.0	9.0	7.0	7.0	8.0	9.0	7.0	7.0	7.0	6.0	10.0	10.0	7.0	8.0	8.0	10.0	7.0	8.0	8.0	8.0	8.0	7.0	9.0	8.0	10.0
alpha_rarefaction_10_7.txt	10	7	9.0	8.0	6.0	10.0	7.0	7.0	6.0	9.0	9.0	8.0	7.0	9.0	8.0	8.0	5.0	10.0	8.0	5.0	8.0	8.0	8.0	8.0	8.0	6.0	8.0	7.0	10.0	8.0	8.0	7.0
alpha_rarefaction_10_8.txt	10	8	8.0	10.0	5.0	10.0	8.0	9.0	10.0	9.0	7.0	9.0	10.0	8.0	8.0	7.0	7.0	9.0	9.0	9.0	6.0	10.0	8.0	6.0	8.0	5.0	9.0	7.0	7.0	4.0	7.0	7.0
alpha_rarefaction_10_9.txt	10	9	8.0	7.0	6.0	9.0	9.0	8.0	7.0	10.0	6.0	6.0	9.0	10.0	7.0	8.0	8.0	9.0	8.0	6.0	8.0	10.0	8.0	8.0	10.0	9.0	10.0	8.0	8.0	9.0	10.0	8.0
alpha_rarefaction_39360_0.txt	39360	0	280.0	251.0	272.0	346.0	309.0	361.0	339.0	324.0	273.0	347.0	316.0	434.0	205.0	305.0	218.0	374.0	295.0	381.0	354.0	404.0	336.0	235.0	408.0	214.0	248.0	348.0	258.0	416.0	339.0	205.0
alpha_rarefaction_39360_1.txt	39360	1	282.0	266.0	263.0	350.0	301.0	369.0	330.0	342.0	275.0	367.0	313.0	422.0	201.0	328.0	224.0	383.0	293.0	396.0	340.0	399.0	332.0	226.0	404.0	222.0	241.0	356.0	244.0	400.0	352.0	199.0
alpha_rarefaction_39360_2.txt	39360	2	288.0	259.0	271.0	342.0	315.0	355.0	327.0	325.0	266.0	361.0	319.0	439.0	202.0	298.0	220.0	384.0	284.0	377.0	363.0	400.0	345.0	237.0	393.0	223.0	244.0	368.0	240.0	417.0	340.0	204.0
alpha_rarefaction_39360_3.txt	39360	3	281.0	271.0	275.0	325.0	313.0	352.0	346.0	326.0	259.0	347.0	315.0	435.0	201.0	291.0	216.0	375.0	293.0	382.0	354.0	393.0	336.0	238.0	410.0	226.0	236.0	365.0	236.0	421.0	347.0	200.0
alpha_rarefaction_39360_4.txt	39360	4	285.0	273.0	270.0	351.0	312.0	366.0	340.0	322.0	266.0	353.0	315.0	447.0	211.0	306.0	222.0	374.0	284.0	382.0	349.0	399.0	353.0	248.0	418.0	221.0	218.0	352.0	248.0	431.0	341.0	192.0
alpha_rarefaction_39360_5.txt	39360	5	292.0	267.0	258.0	351.0	313.0	362.0	340.0	324.0	270.0	357.0	317.0	428.0	206.0	314.0	211.0	375.0	301.0	387.0	344.0	396.0	330.0	237.0	413.0	228.0	234.0	360.0	246.0	424.0	343.0	197.0
alpha_rarefaction_39360_6.txt	39360	6	287.0	260.0	260.0	348.0	311.0	368.0	356.0	325.0	253.0	349.0	322.0	433.0	202.0	298.0	232.0	386.0	298.0	390.0	334.0	398.0	345.0	230.0	406.0	215.0	244.0	370.0	242.0	405.0	351.0	203.0
alpha_rarefaction_39360_7.txt	39360	7	285.0	262.0	274.0	345.0	298.0	358.0	338.0	343.0	267.0	350.0	308.0	435.0	208.0	299.0	212.0	369.0	294.0	386.0	359.0	394.0	346.0	241.0	400.0	231.0	240.0	363.0	251.0	411.0	340.0	203.0
alpha_rarefaction_39360_8.txt	39360	8	277.0	262.0	272.0	350.0	299.0	352.0	336.0	318.0	269.0	358.0	314.0	440.0	205.0	310.0	218.0	385.0	281.0	396.0	342.0	394.0	338.0	235.0	414.0	215.0	227.0	359.0	252.0	421.0	345.0	200.0
alpha_rarefaction_39360_9.txt	39360	9	276.0	261.0	271.0	353.0	307.0	355.0	334.0	327.0	263.0	351.0	319.0	436.0	205.0	306.0	230.0	388.0	285.0	380.0	355.0	402.0	340.0	230.0	426.0	225.0	228.0	357.0	238.0	425.0	351.0	205.0
alpha_rarefaction_78710_0.txt	78710	0	337.0	296.0	316.0	417.0	356.0	411.0	388.0	377.0	312.0	392.0	361.0	496.0	234.0	366.0	264.0	422.0	350.0	448.0	395.0	431.0	395.0	265.0	458.0	260.0	275.0	416.0	287.0	478.0	383.0	231.0
alpha_rarefaction_78710_1.txt	78710	1	330.0	309.0	314.0	411.0	342.0	402.0	387.0	380.0	305.0	398.0	351.0	489.0	234.0	355.0	260.0	431.0	341.0	450.0	414.0	443.0	386.0	271.0	460.0	258.0	268.0	408.0	302.0	468.0	392.0	223.0
alpha_rarefaction_78710_2.txt	78710	2	336.0	305.0	309.0	404.0	348.0	405.0	388.0	372.0	303.0	402.0	367.0	482.0	233.0	362.0	257.0	436.0	353.0	451.0	383.0	444.0	388.0	267.0	462.0	268.0	268.0	406.0	291.0	460.0	406.0	224.0
alpha_rarefaction_78710_3.txt	78710	3	339.0	307.0	301.0	409.0	342.0	418.0	391.0	363.0	318.0	405.0	356.0	498.0	242.0	355.0	269.0	432.0	353.0	442.0	401.0	447.0	394.0	268.0	456.0	271.0	276.0	405.0	292.0	474.0	391.0	233.0
alpha_rarefaction_78710_4.txt	78710	4	333.0	303.0	319.0	411.0	349.0	403.0	389.0	367.0	312.0	399.0	348.0	485.0	237.0	362.0	270.0	423.0	344.0	445.0	403.0	442.0	389.0	266.0	453.0	273.0	271.0	401.0	295.0	479.0	391.0	232.0
alpha_rarefaction_78710_5.txt	78710	5	345.0	310.0	310.0	415.0	349.0	393.0	383.0	375.0	314.0	403.0	364.0	488.0	242.0	355.0	262.0	421.0	346.0	469.0	393.0	434.0	384.0	271.0	467.0	260.0	273.0	401.0	297.0	482.0	388.0	225.0
alpha_rarefaction_78710_6.txt	78710	6	345.0	318.0	319.0	399.0	333.0	406.0	389.0	371.0	301.0	414.0	345.0	471.0	234.0	366.0	262.0	429.0	349.0	434.0	396.0	434.0	382.0	271.0	454.0	267.0	272.0	408.0	312.0	479.0	382.0	226.0
alpha_rarefaction_78710_7.txt	78710	7	358.0	306.0	324.0	415.0	356.0	418.0	383.0	361.0	311.0	406.0	354.0	493.0	230.0	345.0	271.0	418.0	339.0	450.0	405.0	455.0	393.0	273.0	470.0	265.0	260.0	412.0	281.0	480.0	384.0	223.0
alpha_rarefaction_78710_8.txt	78710	8	346.0	321.0	313.0	396.0	342.0	412.0	380.0	377.0	303.0	404.0	354.0	500.0	232.0	360.0	260.0	429.0	348.0	443.0	395.0	453.0	391.0	278.0	452.0	266.0	271.0	407.0	293.0	465.0	395.0	237.0
alpha_rarefaction_78710_9.txt	78710	9	348.0	291.0	311.0	411.0	347.0	407.0	390.0	375.0	309.0	416.0	354.0	493.0	242.0	368.0	254.0	427.0	336.0	452.0	397.0	450.0	393.0	270.0	467.0	259.0	270.0	400.0	307.0	459.0	399.0	230.0
alpha_rarefaction_118060_0.txt	118060	0	378.0	334.0	344.0	440.0	385.0	439.0	408.0	389.0	340.0	433.0	385.0	527.0	258.0	389.0	281.0	451.0	378.0	491.0	442.0	465.0	406.0	297.0	485.0	290.0	296.0	435.0	322.0	522.0	391.0	244.0
alpha_rarefaction_118060_1.txt	118060	1	371.0	334.0	353.0	432.0	379.0	435.0	426.0	385.0	339.0	440.0	387.0	523.0	257.0	374.0	288.0	456.0	382.0	485.0	426.0	466.0	417.0	288.0	476.0	301.0	288.0	440.0	317.0	519.0	411.0	255.0
alpha_rarefaction_118060_2.txt	118060	2	367.0	329.0	348.0	430.0	383.0	425.0	413.0	399.0	343.0	445.0	376.0	517.0	246.0	389.0	287.0	452.0	375.0	490.0	424.0	452.0	416.0	295.0	487.0	296.0	297.0	424.0	312.0	507.0	428.0	247.0
alpha_rarefaction_118060_3.txt	118060	3	375.0	340.0	349.0	428.0	392.0	441.0	410.0	393.0	341.0	434.0	381.0	528.0	252.0	387.0	304.0	445.0	367.0	471.0	428.0	474.0	410.0	294.0	476.0	302.0	284.0	431.0	322.0	509.0	426.0	249.0
alpha_rarefaction_118060_4.txt	118060	4	377.0	333.0	349.0	446.0	377.0	434.0	416.0	404.0	334.0	441.0	384.0	523.0	265.0	378.0	294.0	460.0	377.0	483.0	426.0	466.0	419.0	290.0	484.0	299.0	298.0	424.0	322.0	507.0	416.0	241.0
alpha_rarefaction_118060_5.txt	118060	5	378.0	330.0	348.0	440.0	376.0	440.0	410.0	390.0	338.0	447.0	383.0	529.0	268.0	386.0	283.0	455.0	372.0	484.0	436.0	466.0	408.0	292.0	495.0	292.0	300.0	431.0	321.0	508.0	416.0	246.0
alpha_rarefaction_118060_6.txt	118060	6	377.0	333.0	344.0	432.0	375.0	440.0	421.0	397.0	333.0	432.0	382.0	524.0	267.0	379.0	282.0	458.0	367.0	477.0	432.0	474.0	412.0	299.0	479.0	294.0	290.0	433.0	321.0	519.0	416.0	252.0
alpha_rarefaction_118060_7.txt	118060	7	380.0	343.0	360.0	444.0	378.0	441.0	420.0	391.0	330.0	433.0	372.0	524.0	260.0	384.0	295.0	463.0	365.0	485.0	431.0	474.0	416.0	292.0	486.0	304.0	290.0	435.0	316.0	510.0	420.0	242.0
alpha_rarefaction_118060_8.txt	118060	8	374.0	324.0	352.0	444.0	386.0	444.0	419.0	394.0	334.0	434.0	392.0	529.0	258.0	388.0	297.0	458.0	348.0	479.0	436.0	476.0	424.0	294.0	487.0	299.0	290.0	430.0	320.0	519.0	421.0	251.0
alpha_rarefaction_118060_9.txt	118060	9	375.0	329.0	349.0	425.0	384.0	434.0	420.0	402.0	339.0	428.0	383.0	521.0	257.0	371.0	293.0	449.0	368.0	490.0	435.0	478.0	408.0	293.0	495.0	304.0	286.0	436.0	333.0	523.0	422.0	243.0
alpha_rarefaction_157410_0.txt	157410	0	407.0	347.0	374.0	472.0	406.0	453.0	430.0	416.0	370.0	457.0	404.0	535.0	271.0	410.0	308.0	479.0	394.0	506.0	457.0	489.0	433.0	305.0	496.0	310.0	307.0	453.0	353.0	537.0	442.0	266.0
alpha_rarefaction_157410_1.txt	157410	1	409.0	350.0	373.0	458.0	393.0	451.0	435.0	416.0	363.0	439.0	401.0	548.0	275.0	405.0	300.0	491.0	384.0	502.0	455.0	479.0	436.0	312.0	510.0	317.0	306.0	445.0	352.0	531.0	443.0	266.0
alpha_rarefaction_157410_2.txt	157410	2	397.0	349.0	379.0	467.0	411.0	458.0	442.0	400.0	359.0	458.0	401.0	541.0	272.0	401.0	296.0	469.0	385.0	503.0	452.0	488.0	440.0	308.0	505.0	298.0	316.0	455.0	340.0	548.0	440.0	260.0
alpha_rarefaction_157410_3.txt	157410	3	391.0	343.0	370.0	460.0	400.0	466.0	433.0	415.0	361.0	467.0	407.0	554.0	279.0	403.0	300.0	476.0	387.0	501.0	453.0	485.0	439.0	307.0	503.0	316.0	302.0	450.0	343.0	533.0	429.0	264.0
alpha_rarefaction_157410_4.txt	157410	4	399.0	345.0	374.0	470.0	394.0	465.0	433.0	422.0	358.0	454.0	400.0	533.0	279.0	409.0	296.0	469.0	384.0	518.0	459.0	479.0	434.0	316.0	503.0	325.0	310.0	457.0	345.0	549.0	420.0	269.0
alpha_rarefaction_157410_5.txt	157410	5	386.0	354.0	373.0	473.0	405.0	459.0	424.0	420.0	355.0	462.0	405.0	534.0	278.0	410.0	296.0	478.0	383.0	515.0	453.0	484.0	435.0	310.0	503.0	312.0	308.0	449.0	347.0	525.0	436.0	268.0
alpha_rarefaction_157410_6.txt	157410	6	418.0	344.0	372.0	460.0	396.0	450.0	437.0	411.0	373.0	464.0	394.0	546.0	272.0	406.0	289.0	473.0	394.0	499.0	462.0	494.0	445.0	315.0	509.0	316.0	295.0	451.0	341.0	538.0	446.0	255.0
alpha_rarefaction_157410_7.txt	157410	7	402.0	346.0	377.0	462.0	397.0	456.0	436.0	404.0	373.0	457.0	405.0	556.0	278.0	405.0	297.0	487.0	396.0	514.0	440.0	482.0	422.0	311.0	506.0	311.0	309.0	464.0	355.0	541.0	424.0	254.0
alpha_rarefaction_157410_8.txt	157410	8	400.0	340.0	377.0	472.0	397.0	463.0	429.0	417.0	370.0	467.0	403.0	550.0	279.0	413.0	309.0	470.0	395.0	508.0	459.0	484.0	427.0	317.0	507.0	313.0	301.0	463.0	343.0	548.0	440.0	264.0
alpha_rarefaction_157410_9.txt	157410	9	415.0	355.0	369.0	474.0	408.0	470.0	421.0	420.0	366.0	446.0	403.0	537.0	273.0	398.0	297.0	474.0	389.0	503.0	453.0	494.0	434.0	310.0	510.0	325.0	307.0	456.0	341.0	537.0	451.0	259.0
alpha_rarefaction_196760_0.txt	196760	0	422.0	364.0	389.0	485.0	430.0	474.0	448.0	430.0	382.0	483.0	400.0	561.0	287.0	431.0	320.0	498.0	407.0	536.0	463.0	501.0	448.0	324.0	526.0	322.0	320.0	465.0	363.0	564.0	445.0	277.0
alpha_rarefaction_196760_1.txt	196760	1	436.0	357.0	385.0	476.0	415.0	473.0	457.0	436.0	369.0	476.0	417.0	553.0	280.0	431.0	319.0	490.0	404.0	533.0	474.0	503.0	454.0	318.0	520.0	321.0	318.0	475.0	348.0	550.0	460.0	294.0
alpha_rarefaction_196760_2.txt	196760	2	428.0	371.0	394.0	481.0	409.0	469.0	444.0	424.0	373.0	483.0	421.0	557.0	293.0	419.0	313.0	493.0	400.0	534.0	473.0	485.0	446.0	327.0	521.0	331.0	316.0	461.0	371.0	567.0	454.0	270.0
alpha_rarefaction_196760_3.txt	196760	3	432.0	359.0	388.0	489.0	414.0	464.0	433.0	425.0	378.0	475.0	412.0	556.0	294.0	409.0	336.0	489.0	401.0	530.0	476.0	502.0	447.0	320.0	526.0	325.0	321.0	484.0	372.0	558.0	451.0	276.0
alpha_rarefaction_196760_4.txt	196760	4	423.0	357.0	381.0	489.0	416.0	474.0	449.0	438.0	379.0	469.0	418.0	562.0	281.0	423.0	326.0	488.0	401.0	525.0	468.0	493.0	458.0	320.0	518.0	325.0	319.0	469.0	364.0	564.0	453.0	277.0
alpha_rarefaction_196760_5.txt	196760	5	412.0	356.0	381.0	487.0	417.0	480.0	444.0	435.0	387.0	477.0	408.0	552.0	286.0	422.0	299.0	493.0	404.0	524.0	473.0	497.0	450.0	325.0	513.0	327.0	318.0	471.0	368.0	552.0	453.0	280.0
alpha_rarefaction_196760_6.txt	196760	6	419.0	364.0	387.0	473.0	409.0	468.0	438.0	431.0	376.0	476.0	413.0	557.0	286.0	419.0	322.0	493.0	393.0	537.0	463.0	496.0	451.0	325.0	518.0	332.0	321.0	472.0	369.0	564.0	446.0	281.0
alpha_rarefaction_196760_7.txt	196760	7	422.0	366.0	390.0	486.0	409.0	478.0	457.0	432.0	380.0	478.0	417.0	563.0	282.0	423.0	323.0	489.0	396.0	530.0	475.0	503.0	455.0	314.0	514.0	327.0	319.0	452.0	354.0	563.0	448.0	282.0
alpha_rarefaction_196760_8.txt	196760	8	416.0	357.0	380.0	476.0	415.0	471.0	432.0	439.0	374.0	472.0	412.0	558.0	302.0	421.0	326.0	490.0	395.0	536.0	464.0	493.0	440.0	320.0	518.0	329.0	310.0	471.0	357.0	557.0	446.0	286.0
alpha_rarefaction_196760_9.txt	196760	9	411.0	367.0	381.0	487.0	417.0	463.0	442.0	437.0	372.0	470.0	412.0	560.0	300.0	425.0	331.0	499.0	412.0	530.0	465.0	502.0	447.0	314.0	512.0	333.0	313.0	455.0	357.0	552.0	452.0	279.0
alpha_rarefaction_236110_0.txt	236110	0	448.0	367.0	396.0	491.0	439.0	499.0	455.0	434.0	388.0	508.0	425.0	560.0	301.0	437.0	336.0	514.0	418.0	536.0	482.0	519.0	467.0	330.0	529.0	334.0	329.0	489.0	371.0	587.0	469.0	301.0
alpha_rarefaction_236110_1.txt	236110	1	442.0	372.0	388.0	506.0	418.0	485.0	464.0	444.0	395.0	503.0	426.0	587.0	300.0	450.0	331.0	513.0	417.0	550.0	495.0	507.0	465.0	339.0	523.0	342.0	335.0	493.0	370.0	577.0	455.0	295.0
alpha_rarefaction_236110_2.txt	236110	2	441.0	377.0	394.0	505.0	435.0	489.0	468.0	439.0	383.0	506.0	431.0	575.0	291.0	426.0	328.0	506.0	423.0	542.0	488.0	525.0	456.0	327.0	534.0	348.0	330.0	478.0	373.0	577.0	466.0	290.0
alpha_rarefaction_236110_3.txt	236110	3	433.0	360.0	402.0	497.0	431.0	482.0	459.0	430.0	388.0	490.0	422.0	577.0	298.0	426.0	328.0	505.0	423.0	532.0	488.0	519.0	471.0	327.0	524.0	330.0	332.0	479.0	375.0	576.0	452.0	294.0
alpha_rarefaction_236110_4.txt	236110	4	427.0	379.0	408.0	500.0	430.0	498.0	472.0	435.0	376.0	487.0	436.0	584.0	298.0	442.0	321.0	510.0	410.0	539.0	487.0	514.0	459.0	327.0	524.0	340.0	320.0	489.0	384.0	584.0	469.0	289.0
alpha_rarefaction_236110_5.txt	236110	5	431.0	365.0	402.0	501.0	433.0	483.0	465.0	444.0	395.0	500.0	426.0	584.0	297.0	436.0	329.0	504.0	415.0	539.0	476.0	506.0	473.0	333.0	518.0	351.0	331.0	488.0	374.0	577.0	472.0	283.0
alpha_rarefaction_236110_6.txt	236110	6	445.0	375.0	400.0	493.0	434.0	493.0	473.0	429.0	389.0	493.0	434.0	573.0	292.0	428.0	329.0	498.0	417.0	546.0	492.0	506.0	473.0	325.0	531.0	337.0	332.0	480.0	380.0	576.0	463.0	287.0
alpha_rarefaction_236110_7.txt	236110	7	437.0	379.0	405.0	481.0	426.0	476.0	459.0	442.0	381.0	499.0	435.0	571.0	299.0	444.0	322.0	513.0	416.0	547.0	502.0	517.0	461.0	327.0	523.0	346.0	337.0	482.0	379.0	566.0	454.0	302.0
alpha_rarefaction_236110_8.txt	236110	8	436.0	375.0	390.0	498.0	435.0	485.0	460.0	445.0	386.0	490.0	422.0	585.0	302.0	446.0	333.0	509.0	411.0	537.0	490.0	512.0	470.0	333.0	538.0	341.0	323.0	485.0	375.0	584.0	466.0	300.0
alpha_rarefaction_236110_9.txt	236110	9	437.0	374.0	394.0	496.0	435.0	478.0	472.0	451.0	388.0	490.0	439.0	558.0	299.0	448.0	336.0	506.0	415.0	537.0	481.0	520.0	470.0	327.0	533.0	338.0	325.0	486.0	367.0	585.0	466.0	293.0
alpha_rarefaction_275460_0.txt	275460	0	461.0	376.0	423.0	513.0	436.0	491.0	466.0	446.0	401.0	498.0	438.0	582.0	308.0	452.0	342.0	508.0	431.0	549.0	499.0	530.0	478.0	339.0	532.0	342.0	331.0	474.0	392.0	592.0	475.0	298.0
alpha_rarefaction_275460_1.txt	275460	1	444.0	385.0	401.0	516.0	440.0	494.0	476.0	448.0	398.0	496.0	433.0	587.0	310.0	461.0	347.0	516.0	432.0	554.0	497.0	528.0	473.0	334.0	539.0	351.0	333.0	494.0	390.0	589.0	472.0	298.0
alpha_rarefaction_275460_2.txt	275460	2	461.0	384.0	418.0	507.0	426.0	497.0	484.0	443.0	398.0	509.0	448.0	588.0	307.0	458.0	341.0	515.0	422.0	554.0	491.0	525.0	477.0	333.0	540.0	348.0	339.0	500.0	386.0	590.0	471.0	300.0
alpha_rarefaction_275460_3.txt	275460	3	459.0	383.0	417.0	515.0	443.0	499.0	471.0	452.0	399.0	508.0	442.0	591.0	306.0	450.0	331.0	527.0	424.0	554.0	505.0	522.0	473.0	342.0	540.0	352.0	337.0	500.0	387.0	582.0	478.0	303.0
alpha_rarefaction_275460_4.txt	275460	4	454.0	387.0	410.0	498.0	435.0	495.0	480.0	456.0	404.0	505.0	443.0	592.0	312.0	452.0	341.0	525.0	434.0	556.0	506.0	522.0	484.0	348.0	544.0	356.0	344.0	493.0	387.0	583.0	475.0	301.0
alpha_rarefaction_275460_5.txt	275460	5	460.0	387.0	401.0	516.0	423.0	506.0	472.0	439.0	402.0	498.0	433.0	584.0	310.0	447.0	342.0	532.0	422.0	572.0	494.0	525.0	473.0	335.0	534.0	350.0	347.0	488.0	388.0	585.0	478.0	294.0
alpha_rarefaction_275460_6.txt	275460	6	445.0	382.0	419.0	517.0	449.0	508.0	480.0	448.0	399.0	501.0	441.0	584.0	315.0	445.0	343.0	514.0	418.0	554.0	495.0	530.0	474.0	339.0	535.0	349.0	331.0	495.0	388.0	593.0	483.0	304.0
alpha_rarefaction_275460_7.txt	275460	7	445.0	379.0	413.0	510.0	445.0	482.0	472.0	446.0	393.0	499.0	443.0	587.0	299.0	441.0	349.0	518.0	424.0	553.0	502.0	519.0	481.0	338.0	543.0	345.0	324.0	490.0	393.0	599.0	484.0	296.0
alpha_rarefaction_275460_8.txt	275460	8	440.0	386.0	414.0	513.0	442.0	494.0	467.0	457.0	388.0	506.0	445.0	586.0	308.0	449.0	343.0	515.0	434.0	550.0	498.0	524.0	461.0	342.0	550.0	342.0	337.0	500.0	390.0	590.0	468.0	297.0
alpha_rarefaction_275460_9.txt	275460	9	446.0	378.0	409.0	522.0	455.0	506.0	471.0	443.0	395.0	510.0	445.0	586.0	307.0	456.0	344.0	505.0	427.0	557.0	512.0	530.0	477.0	343.0	538.0	355.0	338.0	500.0	390.0	591.0	478.0	294.0
alpha_rarefaction_314810_0.txt	314810	0	463.0	389.0	421.0	531.0	442.0	507.0	476.0	467.0	412.0	511.0	442.0	603.0	315.0	450.0	358.0	519.0	439.0	572.0	510.0	539.0	488.0	349.0	552.0	355.0	341.0	504.0	405.0	595.0	480.0	309.0
alpha_rarefaction_314810_1.txt	314810	1	468.0	387.0	415.0	531.0	452.0	510.0	486.0	462.0	400.0	513.0	445.0	590.0	318.0	450.0	345.0	531.0	427.0	558.0	510.0	527.0	489.0	357.0	553.0	354.0	338.0	496.0	394.0	599.0	479.0	302.0
alpha_rarefaction_314810_2.txt	314810	2	469.0	390.0	423.0	519.0	449.0	513.0	483.0	466.0	408.0	513.0	451.0	609.0	320.0	446.0	356.0	531.0	438.0	576.0	505.0	522.0	484.0	347.0	540.0	360.0	338.0	508.0	398.0	597.0	484.0	311.0
alpha_rarefaction_314810_3.txt	314810	3	455.0	392.0	421.0	536.0	450.0	500.0	476.0	466.0	410.0	507.0	452.0	592.0	315.0	462.0	347.0	533.0	432.0	567.0	511.0	538.0	482.0	347.0	546.0	361.0	340.0	491.0	396.0	597.0	494.0	308.0
alpha_rarefaction_314810_4.txt	314810	4	451.0	392.0	424.0	513.0	446.0	500.0	487.0	457.0	402.0	519.0	447.0	598.0	319.0	464.0	349.0	535.0	437.0	575.0	512.0	540.0	486.0	344.0	549.0	359.0	357.0	508.0	395.0	602.0	488.0	302.0
alpha_rarefaction_314810_5.txt	314810	5	465.0	392.0	418.0	535.0	454.0	505.0	482.0	470.0	406.0	516.0	452.0	593.0	314.0	460.0	353.0	527.0	439.0	564.0	508.0	535.0	488.0	355.0	546.0	356.0	344.0	499.0	395.0	597.0	483.0	310.0
alpha_rarefaction_314810_6.txt	314810	6	469.0	397.0	420.0	511.0	460.0	513.0	474.0	453.0	406.0	516.0	447.0	589.0	315.0	464.0	347.0	523.0	432.0	572.0	511.0	531.0	492.0	343.0	554.0	351.0	339.0	492.0	395.0	606.0	467.0	310.0
alpha_rarefaction_314810_7.txt	314810	7	467.0	385.0	420.0	518.0	445.0	504.0	471.0	459.0	410.0	515.0	444.0	594.0	319.0	460.0	345.0	532.0	438.0	571.0	501.0	537.0	485.0	340.0	556.0	350.0	352.0	493.0	400.0	599.0	478.0	306.0
alpha_rarefaction_314810_8.txt	314810	8	457.0	389.0	421.0	523.0	445.0	506.0	484.0	453.0	411.0	515.0	449.0	590.0	317.0	462.0	357.0	526.0	435.0	565.0	503.0	529.0	484.0	350.0	546.0	359.0	343.0	504.0	388.0	614.0	475.0	305.0
alpha_rarefaction_314810_9.txt	314810	9	460.0	390.0	416.0	530.0	451.0	498.0	477.0	461.0	403.0	511.0	450.0	595.0	314.0	463.0	350.0	525.0	432.0	570.0	508.0	539.0	489.0	351.0	549.0	357.0	352.0	510.0	395.0	603.0	484.0	311.0
alpha_rarefaction_354160_0.txt	354160	0	472.0	399.0	435.0	533.0	471.0	514.0	484.0	466.0	417.0	528.0	455.0	601.0	329.0	460.0	352.0	544.0	446.0	578.0	514.0	539.0	496.0	351.0	559.0	365.0	355.0	511.0	400.0	614.0	487.0	314.0
alpha_rarefaction_354160_1.txt	354160	1	470.0	403.0	422.0	530.0	453.0	509.0	498.0	462.0	416.0	526.0	459.0	592.0	323.0	468.0	356.0	536.0	444.0	580.0	514.0	538.0	494.0	353.0	560.0	365.0	351.0	520.0	408.0	612.0	490.0	322.0
alpha_rarefaction_354160_2.txt	354160	2	474.0	397.0	435.0	543.0	457.0	523.0	496.0	467.0	413.0	526.0	457.0	606.0	326.0	469.0	362.0	537.0	442.0	579.0	520.0	547.0	496.0	355.0	555.0	362.0	353.0	507.0	412.0	607.0	486.0	312.0
alpha_rarefaction_354160_3.txt	354160	3	468.0	398.0	431.0	551.0	451.0	512.0	484.0	472.0	423.0	517.0	459.0	599.0	330.0	473.0	363.0	538.0	434.0	577.0	507.0	538.0	494.0	352.0	558.0	365.0	352.0	504.0	408.0	613.0	480.0	317.0
alpha_rarefaction_354160_4.txt	354160	4	468.0	404.0	428.0	537.0	447.0	508.0	502.0	463.0	423.0	523.0	456.0	611.0	324.0	469.0	353.0	537.0	445.0	570.0	513.0	547.0	496.0	359.0	557.0	363.0	346.0	518.0	415.0	615.0	489.0	315.0
alpha_rarefaction_354160_5.txt	354160	5	482.0	399.0	434.0	535.0	456.0	514.0	493.0	473.0	416.0	519.0	458.0	609.0	328.0	469.0	360.0	537.0	445.0	583.0	520.0	545.0	491.0	350.0	560.0	360.0	354.0	508.0	402.0	603.0	490.0	314.0
alpha_rarefaction_354160_6.txt	354160	6	470.0	399.0	435.0	533.0	463.0	508.0	491.0	469.0	410.0	519.0	454.0	603.0	321.0	463.0	364.0	536.0	439.0	587.0	512.0	538.0	490.0	356.0	556.0	365.0	356.0	511.0	398.0	620.0	490.0	322.0
alpha_rarefaction_354160_7.txt	354160	7	458.0	397.0	430.0	526.0	463.0	511.0	489.0	463.0	415.0	526.0	459.0	613.0	326.0	464.0	359.0	543.0	445.0	574.0	512.0	536.0	492.0	348.0	553.0	365.0	346.0	507.0	401.0	605.0	484.0	308.0
alpha_rarefaction_354160_8.txt	354160	8	473.0	399.0	437.0	543.0	456.0	506.0	492.0	462.0	418.0	527.0	456.0	607.0	326.0	468.0	355.0	535.0	442.0	577.0	512.0	546.0	492.0	350.0	557.0	365.0	354.0	515.0	409.0	616.0	498.0	309.0
alpha_rarefaction_354160_9.txt	354160	9	466.0	396.0	435.0	533.0	459.0	506.0	488.0	472.0	418.0	524.0	458.0	605.0	326.0	465.0	358.0	533.0	439.0	580.0	511.0	546.0	492.0	358.0	559.0	364.0	342.0	510.0	407.0	625.0	484.0	315.0
alpha_rarefaction_393510_0.txt	393510	0	483.0	404.0	439.0	547.0	479.0	523.0	500.0	471.0	415.0	529.0	459.0	620.0	333.0	481.0	365.0	546.0	442.0	589.0	522.0	544.0	501.0	358.0	568.0	370.0	368.0	517.0	422.0	621.0	486.0	327.0
alpha_rarefaction_393510_1.txt	393510	1	482.0	408.0	436.0	540.0	477.0	519.0	489.0	466.0	419.0	532.0	464.0	606.0	333.0	484.0	373.0	540.0	448.0	590.0	528.0	545.0	498.0	349.0	570.0	373.0	356.0	516.0	411.0	619.0	494.0	326.0
alpha_rarefaction_393510_2.txt	393510	2	487.0	400.0	444.0	545.0	473.0	523.0	501.0	471.0	418.0	530.0	464.0	618.0	333.0	475.0	364.0	545.0	446.0	590.0	526.0	549.0	498.0	357.0	562.0	365.0	355.0	512.0	414.0	630.0	500.0	329.0
alpha_rarefaction_393510_3.txt	393510	3	481.0	405.0	438.0	546.0	463.0	517.0	503.0	480.0	420.0	529.0	465.0	614.0	333.0	469.0	370.0	544.0	444.0	585.0	522.0	540.0	498.0	361.0	565.0	368.0	354.0	514.0	420.0	631.0	494.0	334.0
alpha_rarefaction_393510_4.txt	393510	4	474.0	402.0	440.0	554.0	467.0	519.0	497.0	473.0	420.0	532.0	464.0	619.0	333.0	479.0	363.0	547.0	443.0	585.0	527.0	552.0	499.0	362.0	561.0	371.0	355.0	507.0	417.0	619.0	484.0	326.0
alpha_rarefaction_393510_5.txt	393510	5	484.0	407.0	447.0	539.0	474.0	515.0	497.0	473.0	423.0	526.0	466.0	611.0	333.0	485.0	363.0	545.0	451.0	587.0	527.0	546.0	499.0	360.0	558.0	368.0	363.0	522.0	413.0	631.0	513.0	314.0
alpha_rarefaction_393510_6.txt	393510	6	483.0	403.0	435.0	551.0	465.0	523.0	493.0	467.0	418.0	526.0	460.0	622.0	333.0	466.0	364.0	542.0	444.0	592.0	518.0	545.0	499.0	362.0	564.0	373.0	363.0	522.0	414.0	636.0	499.0	327.0
alpha_rarefaction_393510_7.txt	393510	7	484.0	408.0	433.0	546.0	480.0	514.0	504.0	466.0	423.0	530.0	463.0	609.0	333.0	479.0	372.0	545.0	445.0	589.0	514.0	548.0	499.0	363.0	565.0	369.0	363.0	511.0	410.0	625.0	504.0	318.0
alpha_rarefaction_393510_8.txt	393510	8	479.0	408.0	441.0	538.0	465.0	511.0	489.0	475.0	419.0	536.0	460.0	609.0	333.0	480.0	358.0	542.0	444.0	582.0	524.0	550.0	496.0	355.0	565.0	370.0	362.0	514.0	411.0	623.0	492.0	324.0
alpha_rarefaction_393510_9.txt	393510	9	488.0	405.0	440.0	552.0	458.0	521.0	503.0	472.0	426.0	532.0	463.0	616.0	333.0	465.0	370.0	549.0	447.0	587.0	526.0	552.0	496.0	359.0	564.0	365.0	364.0	514.0	413.0	624.0	493.0	312.0