	sequences per sample	iteration	FN33	FN47	FN46	FN55	FN57	FN32	FN31	FN34	FN36	FN37	FN39	FN59	FN35	FN51	FN50	FN48	FN42	FN41	FN40	FN44	FN43	FN38	FN45	FN49	FN53	FN56	FN54	FN52	FN58	FN60
alpha_rarefaction_10_0.txt	10	0	1.80494	1.75301	2.2167	3.02731	3.4883	2.74023	2.89811	2.59896	3.04196	2.88782	3.57108	2.15037	2.33437	2.51591	2.25446	3.40658	2.61848	2.3978	2.34179	2.06531	3.11018	1.99088	2.62347	1.44879	2.5928	3.38774	3.03201	2.7361	2.80208	1.42058
alpha_rarefaction_10_1.txt	10	1	2.70542	1.48777	2.72809	2.92603	2.55217	3.06692	2.75445	2.3595	2.81798	2.38655	2.85476	2.41819	2.49928	2.70056	2.17488	3.93865	2.53771	2.81906	1.8609	2.47004	3.31962	2.64891	2.99035	2.95267	3.24604	3.23811	3.59191	1.86693	3.31409	2.14728
alpha_rarefaction_10_2.txt	10	2	2.75734	2.94207	2.20029	2.75921	2.80864	3.58641	2.63356	2.89765	3.40196	2.53713	2.7643	2.54538	2.33815	2.34158	2.58876	3.13978	2.87356	2.34362	1.70353	2.77302	3.46354	2.51633	3.09524	3.0089	2.26163	3.0607	3.42285	3.36606	3.01547	2.2296
alpha_rarefaction_10_3.txt	10	3	1.23576	1.69965	1.90613	2.47114	3.61886	2.51195	2.59013	2.35403	1.88324	2.77781	3.92928	3.27445	2.12981	1.73866	2.81561	2.87153	2.60659	3.18228	2.45675	3.00846	3.37926	2.51627	2.75085	2.68494	2.64292	2.27896	2.78629	2.7383	3.40677	3.49188
alpha_rarefaction_10_4.txt	10	4	1.64023	2.16522	2.94029	2.22341	3.1271	2.08383	2.59663	2.22236	2.67272	2.45779	3.55352	2.72736	2.77827	3.32908	2.20263	3.06836	2.5999	1.40175	2.60919	2.41278	3.26626	2.0403	3.1405	1.73211	2.59759	2.88782	3.16804	2.02436	3.98938	2.11619
alpha_rarefaction_10_5.txt	10	5	2.58546	2.24651	1.70958	2.96191	3.14523	1.79253	2.69043	2.8131	2.84229	2.71696	2.73322	3.50873	3.16075	2.09143	2.41171	2.43324	3.06404	1.94291	1.78987	3.27739	2.96374	2.10624	1.8809	2.36529	2.23703	2.96957	2.92634	3.18282	2.84547	1.60624
alpha_rarefaction_10_6.txt	10	6	2.47317	1.49695	2.63445	2.98696	2.77825	1.70279	2.79693	2.35694	2.59876	2.56138	2.97018	2.38669	1.88754	1.77584	2.73453	3.22403	2.95492	2.99537	2.28451	3.17629	4.1095	2.52964	3.10841	2.68033	2.44362	2.27217	3.18431	2.5904	2.85682	2.64853
alpha_rarefaction_10_7.txt	10	7	2.36363	2.05498	2.03468	2.10457	3.2549	2.9339	2.57842	2.83368	2.44559	2.37707	2.63418	2.49224	2.6991	1.32461	1.74065	3.48583	2.37393	1.61376	2.69517	3.40312	3.42705	2.4788	3.2381	1.72079	2.47103	3.46476	3.56661	2.70198	2.87182	2.41629
alpha_rarefaction_10_8.txt	10	8	2.67221	3.22561	1.74134	2.89998	2.59577	1.93884	2.62285	3.22861	2.67952	2.22972	3.49395	2.50776	3.12748	1.27227	2.23916	3.23862	3.29805	2.17663	1.70799	3.32337	3.49798	1.98365	2.72722	2.02453	2.62033	3.29933	3.00393	1.98304	2.71389	1.88582
alpha_rarefaction_10_9.txt	10	9	2.01639	2.22778	2.59268	2.19225	3.51903	2.64381	2.17421	2.84166	1.93311	1.53232	3.43428	3.67034	2.65878	1.42057	1.64107	3.57766	2.96858	2.79137	2.44421	3.36105	3.28027	2.47087	2.97914	2.36662	2.40164	3.01944	3.40673	3.10645	3.94773	2.45177
alpha_rarefaction_39360_0.txt	39360	0	19.35586	17.89934	21.07136	23.13863	20.61069	23.34907	20.50155	22.79123	21.08133	22.11519	19.86016	28.55158	14.46529	21.91216	17.17528	25.91139	21.46303	26.617	24.21792	25.7984	23.39679	18.75059	25.86665	16.47839	16.90281	23.82886	18.54129	29.06669	23.7465	16.80945
alpha_rarefaction_39360_1.txt	39360	1	19.53206	18.12084	20.19439	24.03038	20.71194	23.85414	20.13926	22.86735	20.01471	22.86532	20.04139	28.04338	14.33089	23.01224	18.47751	26.67546	21.55893	27.59761	23.38781	25.55052	22.65019	17.39631	26.58454	17.53288	17.21365	24.33828	17.16349	27.83035	23.95442	16.33804
alpha_rarefaction_39360_2.txt	39360	2	20.58615	18.36814	20.15128	24.27862	21.13798	23.39628	20.49177	22.08957	20.47947	23.35296	20.17082	28.29151	15.1072	21.34238	18.09361	26.6717	21.35834	26.38222	24.25672	25.6139	24.12138	18.86211	25.18627	17.02158	16.52235	24.17905	16.77273	29.03661	24.2554	16.95227
alpha_rarefaction_39360_3.txt	39360	3	18.94526	18.7186	20.65664	23.22177	21.102	23.35719	21.60896	22.58998	19.59599	22.75795	19.93906	28.71394	14.29107	21.12431	16.86631	25.342	20.92877	26.56839	24.20425	25.50009	23.11007	18.76716	27.15424	17.26063	16.3815	24.05731	17.92006	29.06347	24.23371	16.36394
alpha_rarefaction_39360_4.txt	39360	4	20.01636	18.58046	21.07094	24.12584	20.8309	24.0496	21.35374	21.78686	20.40843	22.57582	20.07042	28.6648	15.14328	21.92858	16.94485	25.31711	21.13175	27.17343	23.54469	25.44246	23.7027	19.35985	26.61522	16.95795	16.48903	23.25196	17.5123	28.22002	24.28727	15.38457
alpha_rarefaction_39360_5.txt	39360	5	20.66379	18.34225	19.60531	24.17155	20.94296	24.00061	21.15594	22.53965	19.37195	22.30175	20.53886	27.75065	14.51359	23.49066	17.44951	26.70196	21.52853	26.82592	23.48788	25.30096	22.86279	19.26475	27.52312	17.66673	16.40454	24.14722	17.71418	29.67129	24.33067	15.97911
alpha_rarefaction_39360_6.txt	39360	6	20.42079	18.21998	19.67656	23.47991	20.21477	23.50761	21.31838	22.18058	19.03003	21.80661	20.19376	28.47234	14.88835	22.33145	18.0312	26.44261	21.03503	27.19798	23.32853	25.48345	22.98931	17.89303	26.21777	16.02668	16.49894	24.62208	17.69963	28.04737	24.26071	16.58151
alpha_rarefaction_39360_7.txt	39360	7	19.44498	18.25765	20.60749	23.2511	20.03003	23.82915	21.80282	23.7294	20.20488	21.99606	19.95733	28.50593	15.17674	21.67303	18.02827	25.324	21.14159	27.14898	23.79064	25.9456	23.01436	18.68938	26.39024	16.93805	17.11807	24.23641	17.46717	28.79364	23.89539	16.36117
alpha_rarefaction_39360_8.txt	39360	8	19.11918	18.70071	21.36565	24.05443	20.2309	23.2607	21.31655	21.68494	19.75265	22.98201	20.57907	28.77765	15.1448	21.21088	17.08022	26.65772	20.92666	26.90031	24.36454	25.64646	22.9267	18.68829	26.96064	16.90905	17.4309	23.83757	17.62271	29.3675	24.31432	15.74618
alpha_rarefaction_39360_9.txt	39360	9	18.47693	18.49276	21.3089	23.67639	20.22687	23.20722	20.93451	22.75793	18.78668	23.22943	20.06402	28.53475	15.11741	22.03352	18.10903	26.03528	20.90012	26.97695	24.11995	26.34864	23.4915	18.43905	27.20526	16.97453	15.85436	23.61094	17.09146	29.36605	24.72231	16.60416
alpha_rarefaction_78710_0.txt	78710	0	21.8771	20.0297	22.66008	26.90033	22.59	25.2479	23.56951	25.15908	21.92797	24.39462	22.32928	30.66471	16.16567	24.42926	19.68868	27.06691	23.82073	29.94535	25.62248	27.79626	25.31211	20.36108	28.69527	18.47493	18.23332	26.5687	20.47712	31.23553	26.07378	17.87535
alpha_rarefaction_78710_1.txt	78710	1	22.29492	19.55402	22.8552	26.33837	22.28492	24.82795	23.4981	24.85836	21.73655	23.6758	21.55136	30.384	15.96989	24.12091	19.51711	27.97233	22.86144	30.53949	26.51681	26.81392	24.63139	19.37109	28.707	18.44483	18.64002	25.85852	20.90264	31.31663	26.17036	17.43505
alpha_rarefaction_78710_2.txt	78710	2	21.61447	20.75207	22.24265	26.81502	22.15294	24.79202	23.24615	24.07489	21.74924	24.22874	22.00554	29.69564	16.19879	24.25165	19.02913	27.704	22.80692	29.90285	25.38222	26.85519	25.63004	20.7024	28.28576	19.04839	17.84018	25.86104	19.93111	30.35391	26.98244	17.86632
alpha_rarefaction_78710_3.txt	78710	3	22.55497	20.98422	22.10364	26.34504	22.25222	25.4831	23.35705	23.86871	22.33642	25.01332	21.62715	30.97059	15.75162	23.54465	20.11591	27.73706	23.42142	28.92877	26.14213	27.88867	25.66787	19.97032	29.01884	19.35722	18.95705	25.70281	19.74055	30.89089	26.68379	18.45557
alpha_rarefaction_78710_4.txt	78710	4	22.52591	19.80738	22.93048	26.43538	22.30472	24.61598	23.65736	24.14632	21.92629	24.20984	21.30053	30.60423	16.63019	24.17219	20.05488	27.6663	23.84321	30.32165	26.37693	27.5572	25.75261	19.48899	28.76131	18.9715	18.28235	25.04838	20.74675	30.91832	25.52698	18.02402
alpha_rarefaction_78710_5.txt	78710	5	22.36612	21.09057	23.26818	26.00771	22.54927	24.51269	22.37854	24.8724	22.14879	24.8695	21.96443	30.77406	16.25278	24.48003	19.85542	27.41304	24.27054	30.51259	26.67205	27.55792	25.57808	19.87292	29.07916	18.52356	17.94843	25.41946	21.7382	31.80836	26.60225	17.80887
alpha_rarefaction_78710_6.txt	78710	6	22.62637	21.32601	23.69957	26.08492	22.67679	24.75852	23.77314	24.01361	21.25605	25.65507	21.09804	29.7601	15.7956	24.08262	19.67077	27.98372	23.10492	29.85477	25.64487	27.64345	25.11076	19.95519	29.20388	18.6865	18.53561	25.34609	21.49003	31.36435	25.96293	16.71861
alpha_rarefaction_78710_7.txt	78710	7	23.02385	20.94089	23.69019	26.93297	22.99726	25.43658	23.398	23.76487	22.18282	25.42112	21.74992	30.72996	15.921	23.98993	20.48204	27.0577	22.97526	30.00603	26.37849	28.14444	26.41631	19.95016	29.69011	19.37512	18.4301	25.86088	19.46865	31.33909	25.59463	16.85239
alpha_rarefaction_78710_8.txt	78710	8	22.71343	20.97139	23.56659	26.81258	21.80745	24.94335	23.22297	24.44755	21.73006	24.77373	21.77978	30.59193	15.41546	24.36622	19.09651	27.84289	23.37754	29.97756	26.31193	26.9907	25.69576	20.46643	28.93588	18.01166	17.5188	25.61667	20.09335	31.05657	26.58387	18.1729
alpha_rarefaction_78710_9.txt	78710	9	22.83776	19.74106	23.65805	26.8177	22.49884	25.07683	22.99333	24.03366	21.73358	24.76045	22.04055	30.66118	17.02411	24.19121	19.87427	28.22222	22.89025	30.29734	25.49474	27.57436	25.63751	19.62679	29.18709	18.21894	17.54495	25.02029	21.30987	30.38939	26.98377	17.87472
alpha_rarefaction_118060_0.txt	118060	0	23.76791	21.73877	24.54698	29.01734	23.64865	25.77034	24.51183	25.67072	22.85029	25.3881	23.29331	31.6207	17.94912	25.64097	21.05741	29.18794	24.75634	31.67932	28.10568	28.33712	26.67001	21.27438	30.61066	19.86485	18.8549	26.73372	20.78688	32.80875	26.06405	18.80375
alpha_rarefaction_118060_1.txt	118060	1	24.21993	21.80023	24.73227	27.64388	23.46389	25.88949	24.70289	24.56867	22.87001	26.45642	23.22471	32.02621	17.25341	25.58634	20.63849	29.1147	24.53643	31.4188	26.95503	28.81211	27.43081	20.61843	29.83389	19.91087	18.16796	26.70535	21.76145	32.68007	27.48486	19.63798
alpha_rarefaction_118060_2.txt	118060	2	23.37551	21.46661	24.51607	27.67783	23.98677	25.28793	23.86646	25.36729	24.13244	25.95753	22.21371	31.69108	16.48022	25.02901	20.94437	28.78806	24.89521	31.40884	27.55089	28.00626	26.5174	20.50112	30.0562	20.10504	19.90741	26.23764	20.87241	32.32162	27.9747	18.72757
alpha_rarefaction_118060_3.txt	118060	3	23.96305	21.90497	25.29323	27.73715	24.01652	26.05789	24.61752	24.62399	23.15996	26.30721	22.66176	31.7425	17.38726	25.58599	21.93843	28.46021	24.10923	30.9368	27.57336	27.9543	26.98192	20.81137	29.45734	20.83435	18.31545	26.53008	21.50606	32.78409	27.87549	18.94161
alpha_rarefaction_118060_4.txt	118060	4	24.3898	21.82948	25.0631	28.84422	23.48179	25.88981	24.39953	25.27455	22.76132	26.85035	22.67376	31.27344	17.27693	24.38466	21.39553	29.24005	25.03825	30.67598	26.9906	28.41848	27.02506	20.95438	29.32199	19.58725	18.9038	26.80989	21.33876	32.48511	27.27776	18.34874
alpha_rarefaction_118060_5.txt	118060	5	23.05082	21.00233	24.95122	27.73257	23.9407	25.98758	24.30748	25.36542	22.83706	26.37012	22.16991	32.27683	18.24966	25.51842	20.34239	28.64521	24.44415	31.06737	27.93077	28.39968	26.57177	20.70246	30.41637	19.67278	18.49843	26.89759	21.43264	32.36326	28.01772	19.49844
alpha_rarefaction_118060_6.txt	118060	6	24.26534	21.7152	24.36499	28.06424	24.09726	25.1752	24.70162	26.1186	22.28693	25.51281	23.1246	31.27806	17.15926	24.40818	20.13113	29.0958	24.26718	31.06286	28.14558	28.36472	26.26297	20.90547	29.50252	20.41301	18.23866	26.95944	22.02166	31.82604	27.64198	19.57371
alpha_rarefaction_118060_7.txt	118060	7	24.53707	22.02087	25.47263	28.57299	23.78005	26.29572	25.20523	24.9938	22.73136	25.39472	22.13706	31.68843	17.77253	25.69486	20.93559	28.59259	24.75862	31.64921	27.07666	28.66212	27.55347	20.43835	29.39403	20.31971	19.19615	26.57264	21.74485	32.35947	27.76147	18.94489
alpha_rarefaction_118060_8.txt	118060	8	23.68329	21.20592	24.37331	28.32338	24.61084	26.04129	25.41756	25.14797	22.70583	25.56279	22.91029	32.16474	17.42722	25.84311	20.95583	28.4107	23.3437	30.56829	28.15279	29.19509	27.51569	19.99086	29.79848	20.38539	18.40443	26.1526	21.88903	32.85284	27.81193	18.91896
alpha_rarefaction_118060_9.txt	118060	9	23.79292	21.87231	25.08968	26.6326	23.7676	25.88622	24.50129	25.63012	23.04999	24.61616	22.94232	31.35407	17.18711	24.71054	21.41928	28.46678	24.04909	31.58461	27.97891	28.51799	26.86809	20.62596	30.42531	19.99716	18.4253	26.89487	22.52508	33.23926	27.96078	18.43079
alpha_rarefaction_157410_0.txt	157410	0	25.29536	22.03185	25.3327	28.71709	24.89136	26.30199	25.36336	26.28054	24.62283	26.98844	23.78572	32.44928	18.23977	26.17728	21.94945	28.82726	25.20472	32.76854	28.91419	28.80365	27.09975	20.91119	30.21052	21.44848	19.3498	27.99527	23.25128	33.51987	29.15261	19.17974
alpha_rarefaction_157410_1.txt	157410	1	25.70288	22.45871	25.22921	28.03172	23.72018	26.62193	25.54338	26.05537	23.52926	25.52638	23.68977	33.24157	17.59692	26.31368	21.74923	30.42393	25.03476	32.65669	28.69755	28.47469	27.85964	21.3219	30.59418	20.93005	19.41623	27.07256	22.98808	33.51156	28.50367	18.93719
alpha_rarefaction_157410_2.txt	157410	2	24.86703	21.82789	25.77488	29.70077	24.45712	26.23051	25.65553	25.34067	22.93589	27.22082	23.13777	32.22475	17.69588	26.07895	21.77823	29.04087	24.39934	31.60633	28.67246	28.47331	28.53947	21.30206	30.50931	20.02411	19.8143	27.79824	23.13347	33.63049	28.01163	19.61168
alpha_rarefaction_157410_3.txt	157410	3	24.25563	22.69732	25.41587	28.07261	24.27153	26.31325	25.58645	26.07535	24.07954	26.60546	22.85762	32.78691	18.54537	26.44339	21.06701	29.54432	24.69511	32.4901	28.60924	29.18274	27.37331	21.21801	30.39176	20.42831	19.36237	27.70267	22.06798	33.21752	27.84642	19.73873
alpha_rarefaction_157410_4.txt	157410	4	25.07001	22.28935	25.75373	29.24259	24.50514	26.59671	24.97527	25.83012	24.30607	26.59961	23.71725	31.67298	18.07415	26.63255	21.34626	29.4852	24.92037	32.32966	28.689	29.16365	27.62805	21.45752	30.69171	21.75703	20.46247	27.88124	22.69809	34.86729	27.47994	19.11212
alpha_rarefaction_157410_5.txt	157410	5	24.31302	22.43382	25.29635	30.09101	24.58049	26.31785	25.2918	26.20041	23.71832	26.48157	24.19542	32.43553	18.86857	26.03158	21.57222	29.79102	24.66066	32.86169	28.55228	29.04004	28.72704	21.42444	30.27947	20.9604	19.76987	27.81369	23.04806	33.08082	28.4321	19.6109
alpha_rarefaction_157410_6.txt	157410	6	25.51537	21.94386	25.83333	28.07243	24.31222	26.40537	25.61358	25.53917	24.67331	26.91528	23.46707	32.61682	17.84801	26.32725	21.40172	29.55909	25.64067	31.40662	28.30723	29.37133	28.70719	21.34215	30.80881	21.11288	19.16156	27.32731	22.20007	34.10869	29.3561	19.41166
alpha_rarefaction_157410_7.txt	157410	7	24.94673	22.51748	25.72277	29.37387	23.72792	26.37888	24.94606	25.0439	25.27889	26.96471	23.68172	32.90733	18.23037	25.92297	21.22875	29.86881	24.9093	32.40047	27.87813	28.96897	27.71612	21.57126	30.20209	20.68218	20.09776	26.93518	22.2934	33.55035	27.38474	18.99953
alpha_rarefaction_157410_8.txt	157410	8	24.5848	22.2403	25.15165	29.41499	24.22667	26.47276	24.77356	26.07044	24.32077	26.97483	23.07478	33.59577	17.96337	26.38855	21.29637	29.37678	25.46612	31.56472	28.07965	28.812	26.87752	21.36323	30.54501	20.7233	20.02713	27.37628	23.40782	33.58107	28.00022	19.34976
alpha_rarefaction_157410_9.txt	157410	9	25.48755	22.31219	25.29302	29.63153	24.25868	26.86095	25.20865	25.90266	24.07625	26.16974	23.47349	32.36368	18.38104	25.59396	20.8228	29.28917	24.63661	31.84308	28.51131	29.05371	27.9119	21.41639	30.89802	20.95758	19.47896	26.89435	22.21505	33.30806	29.16215	18.79262
alpha_rarefaction_196760_0.txt	196760	0	25.4241	22.9596	26.94555	30.4299	25.57296	26.64901	25.70092	26.2802	24.45457	28.15775	23.06824	33.33017	19.18722	26.42905	22.20238	30.76632	25.55321	33.04604	28.48662	29.80888	28.26046	21.39746	31.52608	20.7653	20.47429	28.05549	23.36063	34.46115	29.01282	19.67272
alpha_rarefaction_196760_1.txt	196760	1	25.97505	22.58078	26.36751	29.65316	24.86053	26.6155	26.13432	26.2476	24.66971	27.01278	23.5116	33.07221	18.68883	27.04759	21.85874	29.91899	25.48446	33.33378	30.15074	28.5538	28.2244	21.54255	31.20939	20.32355	19.61822	28.49355	22.64218	33.49202	29.42631	20.57748
alpha_rarefaction_196760_2.txt	196760	2	24.88214	23.02936	26.95576	29.70166	24.75073	26.84598	25.79279	26.45633	24.30763	27.07265	23.71946	32.51581	18.78321	26.5362	21.38586	30.16871	25.26162	32.94649	29.02896	28.88624	27.80768	21.76971	30.79254	21.25115	19.92966	27.81798	24.26224	34.93519	29.36775	19.42297
alpha_rarefaction_196760_3.txt	196760	3	26.03978	22.97742	26.28273	31.12266	25.30632	26.55741	25.13707	26.26704	24.37982	27.51294	23.68135	32.70281	19.20478	26.29784	23.23125	29.46943	25.25791	32.86739	29.32507	30.09828	28.16962	21.65734	31.18698	21.28967	20.0813	28.81863	23.75216	34.21418	29.02728	20.2327
alpha_rarefaction_196760_4.txt	196760	4	25.80356	22.21338	26.55748	29.88694	24.82136	26.48702	25.62367	25.9715	24.63819	27.2121	23.73052	33.67783	18.77016	26.22465	22.92321	29.82012	25.30462	33.03041	29.07089	28.72251	28.70426	21.81952	31.35958	21.31309	19.51819	28.27671	23.90328	34.59521	29.35397	20.42994
alpha_rarefaction_196760_5.txt	196760	5	25.55648	22.77427	26.1634	30.08924	24.34284	26.70501	25.99385	26.0648	25.20769	27.66871	24.29675	32.64236	18.66439	26.89925	21.74253	30.01483	26.1297	32.84122	29.18095	29.33103	28.63243	21.9973	30.97709	21.13206	20.39806	28.48313	23.55924	34.4434	28.86904	20.29325
alpha_rarefaction_196760_6.txt	196760	6	25.77276	23.23077	26.44871	29.69672	25.4783	26.37208	24.84014	27.28003	24.87239	27.39034	23.78324	32.78823	19.3253	27.00503	22.78051	29.92486	25.43058	32.90472	28.79719	29.32581	27.99486	21.84402	30.65404	21.20738	19.94355	28.55254	23.58601	35.40056	27.93565	20.72859
alpha_rarefaction_196760_7.txt	196760	7	25.19838	22.6065	26.50473	30.14832	24.40407	26.95368	26.19346	26.37694	24.96415	27.55489	23.37084	34.20013	17.67152	26.75835	21.9493	30.17345	25.25589	32.90042	28.95551	29.58844	28.66788	21.23425	30.60234	20.69173	19.62606	27.56506	23.81021	34.28562	29.23665	20.45306
alpha_rarefaction_196760_8.txt	196760	8	25.21396	22.46488	25.95376	28.96507	25.20579	26.89266	24.49781	26.56284	24.62116	27.22633	23.81884	33.31116	19.51823	26.98608	21.99494	29.63861	25.65572	32.9893	29.02931	29.49265	28.06689	21.44599	30.50395	21.75539	19.87094	27.56266	23.04569	33.6121	28.23887	20.28865
alpha_rarefaction_196760_9.txt	196760	9	24.97739	22.85968	26.54053	30.02916	25.2058	26.62198	25.80686	26.86516	24.88362	27.90174	23.84345	33.22822	19.63722	26.6278	22.80058	30.47255	25.95854	32.9225	28.65946	29.31621	28.50757	21.69206	31.16983	21.0918	18.54968	27.278	23.54645	34.09884	29.25156	19.55139
alpha_rarefaction_236110_0.txt	236110	0	27.38827	23.09568	27.18449	30.74717	25.36581	27.55229	25.84728	26.8242	25.12893	28.85564	24.32291	33.99462	20.32052	27.57911	22.89384	30.92046	26.23332	33.30711	29.92418	30.04263	29.02392	21.82735	31.436	21.41112	20.42279	28.73159	24.25326	35.50811	30.09906	20.10765
alpha_rarefaction_236110_1.txt	236110	1	26.2433	23.38294	26.54858	30.93817	25.77157	27.29542	26.4503	26.331	25.70334	28.57395	24.40274	34.19765	19.70504	28.21455	22.4868	30.72798	26.50352	33.82501	29.84458	29.5294	28.73485	22.25335	31.37507	21.599	20.13697	28.6819	23.57405	35.38215	29.19155	20.36758
alpha_rarefaction_236110_2.txt	236110	2	26.0668	23.32957	27.11656	30.85108	25.66223	27.42582	26.31715	26.82177	24.86089	28.79389	24.67333	33.88171	19.73122	26.63655	22.83045	30.62729	26.23687	33.44766	29.97359	30.08656	28.58406	21.84905	31.21367	21.90011	20.53484	28.4077	23.71628	35.52101	29.32451	20.47937
alpha_rarefaction_236110_3.txt	236110	3	26.10029	22.76453	27.13097	30.56008	25.59435	27.06996	26.21391	26.00448	25.04488	27.88818	23.95115	33.69318	20.05406	26.77541	22.07074	30.87906	26.13006	32.77458	30.03554	29.61634	28.91409	21.92376	30.98278	21.21511	20.83447	28.54745	24.3985	34.70064	29.54461	20.57404
alpha_rarefaction_236110_4.txt	236110	4	25.85525	23.21195	26.91961	30.44871	25.58825	27.66251	26.85311	26.67041	24.1002	28.97352	25.08069	34.77736	19.80607	27.38944	21.8493	31.03545	26.19137	33.21403	29.83045	29.20677	29.03059	22.14061	31.25367	21.29749	20.39859	28.77198	24.85861	35.09379	29.49161	20.67409
alpha_rarefaction_236110_5.txt	236110	5	26.17153	22.99548	26.59522	31.12953	25.72075	27.07687	26.11402	27.55622	25.33156	28.62627	24.62937	33.79704	19.64077	27.45252	22.09159	30.57016	25.8626	33.89538	29.36603	29.46873	29.21995	22.166	31.04472	22.22579	20.58277	28.00645	24.56726	35.3465	29.75252	20.65308
alpha_rarefaction_236110_6.txt	236110	6	26.57703	22.79488	26.78871	30.27302	25.56543	27.64751	26.7147	26.53345	24.80142	28.35962	24.5238	33.84817	19.92356	27.45167	23.12219	30.74055	26.39044	34.09847	29.29902	29.87889	29.44372	21.81754	30.99665	22.03786	20.44187	29.02284	24.11022	34.07627	29.82355	20.6628
alpha_rarefaction_236110_7.txt	236110	7	26.61434	23.33097	27.13132	29.95279	24.95481	27.04337	26.54405	27.43934	25.02331	28.56318	24.80115	33.83598	19.52923	27.15445	21.72953	30.82646	25.19935	33.29425	30.52048	30.25974	28.49073	21.68926	30.96561	21.71621	20.63628	28.3015	24.06804	33.86784	28.75852	21.02918
alpha_rarefaction_236110_8.txt	236110	8	25.94059	23.48605	26.77668	31.24263	25.03593	27.58933	26.18673	26.61947	24.70533	28.06449	24.74393	33.79261	20.10489	27.90744	22.17579	31.12429	25.38093	33.04223	29.43495	29.55657	28.87448	22.23293	31.75456	21.8355	20.14395	28.93488	24.93061	35.77611	29.06608	20.88804
alpha_rarefaction_236110_9.txt	236110	9	26.06134	23.25964	26.80918	30.98762	25.76208	27.39509	26.25575	27.20396	25.25244	27.77101	24.88562	33.1591	19.50739	27.80555	23.30543	30.69802	26.13585	33.01653	29.22856	29.95639	28.94641	21.58274	31.79571	22.15454	19.8121	28.19438	23.295	35.2276	29.83107	20.4667
alpha_rarefaction_275460_0.txt	275460	0	26.88747	23.18437	27.80737	31.10283	25.56234	27.14069	26.76193	26.66159	25.79902	28.28107	25.20857	34.13193	20.06969	27.81576	23.50055	31.11082	27.00089	33.35467	30.0935	30.69647	28.70448	22.12802	31.35523	21.79605	20.97193	28.6373	25.69085	35.38103	29.80952	20.04403
alpha_rarefaction_275460_1.txt	275460	1	26.62003	23.82775	27.26727	30.9763	26.42274	27.75322	26.60504	27.62742	25.21827	28.42143	24.1808	34.21936	20.29478	27.63314	23.18695	30.99703	26.59329	33.87681	30.20718	29.40652	29.40141	22.0118	31.62014	22.58143	20.38192	28.64665	24.63581	35.62872	29.42698	20.80356
alpha_rarefaction_275460_2.txt	275460	2	27.68266	23.47445	27.97897	30.47952	25.07169	27.66158	26.8087	27.27009	25.53778	28.74806	24.90706	34.45914	19.35276	27.62033	22.77617	30.82204	26.59645	33.6616	29.58447	30.43483	29.70801	21.98155	32.15077	22.19293	20.64355	29.43399	24.21181	35.69638	29.69169	20.64392
alpha_rarefaction_275460_3.txt	275460	3	26.99269	23.26813	27.30805	30.75035	26.20223	27.5271	26.70808	27.29691	25.54215	28.81037	24.88856	35.04118	18.95953	27.80968	22.57978	31.07224	26.23812	33.84498	30.47333	30.32566	29.3163	22.09035	31.81945	22.33204	20.89985	28.78459	24.39069	35.55128	30.0934	21.26365
alpha_rarefaction_275460_4.txt	275460	4	26.70653	23.58193	27.22167	30.68033	25.41854	27.44252	26.81373	27.98175	25.71987	28.65947	25.34817	34.4149	20.07515	28.09967	22.8366	31.51161	27.08419	33.81522	30.61554	30.38235	29.51288	22.39451	32.0177	22.24008	20.49907	28.77027	24.79176	34.95224	30.12186	20.64644
alpha_rarefaction_275460_5.txt	275460	5	27.18744	23.00711	26.69894	31.08831	24.69716	28.14668	26.57605	26.31449	25.33217	28.50122	24.72695	34.18493	19.95847	27.30205	23.28469	31.62428	26.48232	34.28621	30.32683	29.9963	29.05384	22.11158	31.16243	21.9363	21.31819	29.24255	25.60677	34.82814	30.31559	20.39835
alpha_rarefaction_275460_6.txt	275460	6	27.05809	23.38986	27.39676	32.02158	25.92118	27.33651	26.89203	27.0558	25.71964	28.881	24.92212	34.21478	20.6806	27.8989	22.84411	31.26158	25.96992	33.61567	29.23649	30.49502	29.04913	22.20905	31.42546	21.83411	20.59612	28.54345	24.77417	35.79937	29.28938	20.91882
alpha_rarefaction_275460_7.txt	275460	7	27.09858	23.26621	26.52891	31.76322	26.37081	27.86952	26.77959	27.23104	24.46518	28.08385	25.18126	34.54735	18.59525	27.32206	23.57022	31.16665	26.12916	33.94676	30.58951	30.07744	29.72684	22.12966	32.12565	22.00027	20.28112	29.2799	23.92846	35.20948	29.8184	20.95574
alpha_rarefaction_275460_8.txt	275460	8	26.54532	23.55309	27.62521	31.68574	26.49109	27.39544	27.18305	27.17771	24.99831	27.95393	24.72636	34.36938	19.72048	27.77641	23.20187	30.91157	27.33624	34.13284	29.73169	30.22144	28.84811	22.22724	32.33512	22.17534	21.58592	28.90992	25.51458	35.20571	30.64413	21.09957
alpha_rarefaction_275460_9.txt	275460	9	25.81037	23.43213	26.84592	31.93251	26.44709	28.01116	26.84388	26.27098	25.00808	28.77462	24.82427	34.54832	19.71011	27.91446	23.33181	30.75129	26.62216	34.18477	30.31852	29.98623	29.16801	22.3964	31.6564	22.46721	20.20858	29.22372	24.60136	34.90178	29.62003	20.79838
alpha_rarefaction_314810_0.txt	314810	0	27.17526	23.68511	27.33625	31.80848	25.50204	27.51487	26.72991	28.49533	25.28158	29.0797	24.80901	34.72866	20.44582	27.05016	24.09431	31.13142	26.87814	34.13259	30.51886	30.83817	29.69273	22.48164	31.80183	22.24673	20.23792	28.78269	26.32529	35.50021	30.19566	21.97899
alpha_rarefaction_314810_1.txt	314810	1	27.46693	23.41847	27.08837	32.28031	26.23197	27.76149	27.12444	27.61142	25.27616	28.94521	25.12219	34.44858	20.3234	27.75111	23.35103	31.44641	26.71168	34.18755	30.7154	30.23983	29.91285	22.70665	32.19192	22.32352	20.89096	29.17371	25.21639	35.4298	29.86487	20.96338
alpha_rarefaction_314810_2.txt	314810	2	27.19395	23.55706	28.00395	31.29438	26.0149	27.61806	27.08367	27.93544	25.93783	28.9391	25.3958	34.98353	20.42233	27.66617	23.45649	31.28718	27.11226	34.52341	30.4701	29.64298	29.78113	22.2777	31.47076	22.79686	20.57249	29.7534	24.85419	35.38061	29.97004	21.33695
alpha_rarefaction_314810_3.txt	314810	3	27.24992	23.61626	27.75135	32.45374	25.60782	27.65184	26.48093	27.1758	25.98103	29.12597	25.36898	34.50284	19.6711	28.01218	23.49525	31.68441	27.21481	34.35044	30.54307	30.48895	29.60028	22.40165	32.04588	22.79311	20.2947	29.10322	24.20668	35.46151	30.42561	21.14323
alpha_rarefaction_314810_4.txt	314810	4	26.88767	23.41588	27.63058	31.40904	26.05961	27.88621	27.41991	28.04379	25.2537	29.75576	25.01395	34.41835	20.88675	28.13699	23.31768	31.73716	26.421	34.55449	30.79535	30.96037	29.85434	22.21305	31.72611	22.5636	21.13799	29.55394	24.91317	35.67408	30.81471	20.78363
alpha_rarefaction_314810_5.txt	314810	5	27.45885	23.52146	27.49269	32.29263	26.42569	27.43247	26.74195	27.47995	25.05479	28.37417	25.5899	34.72157	20.16644	28.54819	23.71625	31.52622	26.83342	34.26003	30.67354	30.85512	29.76892	22.61272	31.75991	22.48129	21.08176	29.12794	25.37125	36.18061	29.92638	21.52031
alpha_rarefaction_314810_6.txt	314810	6	27.73773	23.96033	27.57154	31.42012	26.94939	27.693	26.62361	27.05085	25.47293	29.6686	24.96531	33.97671	20.7537	28.34164	22.98703	31.15973	26.67913	33.93145	30.82058	30.30861	30.03829	22.38004	32.40258	22.22812	20.82986	28.42883	24.74877	35.82941	29.45315	21.16766
alpha_rarefaction_314810_7.txt	314810	7	26.98871	23.27911	27.60253	31.13932	25.84804	27.75932	26.73304	26.82262	25.70661	28.75083	25.15531	33.90835	20.69158	28.43195	22.91233	31.36891	27.23692	34.23241	30.30055	30.5687	29.68551	22.0459	32.59881	22.37248	20.92097	28.98854	25.38257	36.1502	30.80783	20.72228
alpha_rarefaction_314810_8.txt	314810	8	27.54976	23.77884	27.48274	32.04741	26.31183	27.74309	27.26533	27.22451	26.11678	29.3976	25.09142	34.35509	20.59089	28.24796	23.74965	31.43721	26.76555	34.35722	30.04333	30.30146	29.77278	22.18603	32.18505	22.42145	20.98294	30.02783	24.80553	36.31276	29.76163	20.88914
alpha_rarefaction_314810_9.txt	314810	9	27.39293	23.72344	27.41266	31.64175	26.03979	27.25702	27.0732	27.18058	25.2972	28.82842	25.39471	34.84958	20.76246	28.07851	23.74906	31.24242	26.38822	34.67124	30.6961	30.45007	29.58492	22.69136	32.03694	22.48895	22.09508	29.61341	25.9035	35.28433	30.24882	21.66608
alpha_rarefaction_354160_0.txt	354160	0	27.47014	24.11348	27.9365	32.88588	26.92357	28.50301	26.42924	27.73175	25.945	29.60817	25.28123	35.35991	21.36782	27.59051	23.62219	31.79602	27.12244	34.76096	30.82181	30.80209	30.08101	22.38398	32.5718	22.61621	20.92911	29.76497	25.64745	36.83492	30.27683	21.65581
alpha_rarefaction_354160_1.txt	354160	1	27.70556	24.15183	27.78426	31.64624	26.14216	28.02226	27.54422	28.08346	26.33609	29.53111	25.59636	33.76892	20.71692	28.30517	23.71456	31.51795	26.77491	34.68573	30.29821	30.57425	29.84784	22.65842	32.58834	22.90359	21.40179	29.67394	26.11886	35.82221	30.25997	21.71995
alpha_rarefaction_354160_2.txt	354160	2	27.13129	24.12181	28.32456	32.14747	26.17264	28.11829	27.42017	28.40079	25.74052	29.89638	25.54515	34.74811	20.92519	28.12743	23.92205	31.66261	26.50093	34.53106	30.67231	31.16756	30.10805	22.83192	32.50174	22.76972	21.64979	29.61741	25.46684	36.05023	30.8631	21.44072
alpha_rarefaction_354160_3.txt	354160	3	27.22578	23.75798	28.25697	32.82935	26.65458	27.9276	27.22349	27.48733	26.30462	28.38828	25.45757	34.53536	21.18425	28.30689	24.14318	31.6921	26.67902	33.92265	30.36525	30.58488	30.03294	22.5602	32.23464	22.81855	21.23434	29.48989	25.30661	35.76737	30.61421	21.71031
alpha_rarefaction_354160_4.txt	354160	4	27.70295	24.30782	28.00531	31.93421	26.39506	28.21273	27.7677	27.00262	26.14673	29.82889	25.31431	35.1845	20.90953	28.69179	23.94538	31.24637	26.90524	34.26222	30.90875	30.73829	30.13588	22.9544	32.34946	22.676	20.75272	30.07444	25.74189	36.02444	30.07463	20.99913
alpha_rarefaction_354160_5.txt	354160	5	28.28977	24.18437	28.33522	32.46522	26.42749	28.31628	27.18895	28.23131	26.01856	29.2395	25.49873	35.19216	21.16342	28.19755	24.36626	31.84578	27.45983	34.68229	30.77819	30.99366	29.80044	22.69208	32.34166	22.39262	21.307	29.57385	24.88412	35.62256	30.37418	21.30246
alpha_rarefaction_354160_6.txt	354160	6	27.19691	24.06015	27.9468	31.6038	26.57457	27.98368	27.23471	27.82342	26.05051	29.70647	25.61546	34.69417	21.0823	28.24394	24.16947	31.58924	26.89872	34.56354	30.59727	30.64735	29.86765	22.65761	32.18494	22.70931	22.17832	29.6257	25.85295	36.87709	30.09234	21.95221
alpha_rarefaction_354160_7.txt	354160	7	26.56313	24.1224	28.37926	32.50418	26.86433	27.98275	27.15619	27.43059	26.32059	29.57796	25.7417	35.2423	21.10013	28.46558	23.93376	31.83539	26.94147	34.65452	30.52729	30.3897	29.91331	22.46713	32.15886	22.69353	21.15253	29.93363	24.64144	35.86269	30.39581	21.21053
alpha_rarefaction_354160_8.txt	354160	8	27.26905	23.66496	28.37275	32.59968	26.71931	27.31861	27.34797	28.02715	25.94682	29.63809	25.53747	35.17542	20.93823	28.53475	23.59243	31.61642	26.76365	34.316	30.69843	31.09257	29.81017	22.42946	32.46895	22.88366	21.06382	29.90633	26.22368	36.32127	30.58434	21.08659
alpha_rarefaction_354160_9.txt	354160	9	27.60521	23.54983	28.05229	32.60285	26.79161	27.93348	27.59963	28.47869	26.48218	29.56351	25.21458	34.6607	20.90743	28.06472	24.19603	31.5865	26.97596	34.6	30.5435	30.95059	29.84947	22.6286	32.57036	22.41232	20.68458	29.92411	25.9072	36.77468	30.43905	21.04743
alpha_rarefaction_393510_0.txt	393510	0	28.12344	24.17372	28.41736	33.10354	27.02905	28.20336	27.00374	27.51783	26.31438	29.40665	25.66873	35.72857	21.46711	28.60844	23.4555	31.98059	26.87389	34.92546	30.8072	30.79787	30.20133	22.54937	32.81038	23.08568	22.14873	29.33887	26.61848	36.76525	30.41729	22.32012
alpha_rarefaction_393510_1.txt	393510	1	27.59303	24.33191	28.48553	32.32178	26.80645	28.08562	27.55202	28.06522	26.35684	29.53349	25.87192	34.60409	21.46711	28.73008	24.56957	31.83338	27.17576	35.09134	31.21901	31.14088	30.16369	22.52493	32.73976	22.92342	21.49514	29.50429	25.74008	36.5891	29.83186	22.57475
alpha_rarefaction_393510_2.txt	393510	2	27.88855	24.01292	28.22118	32.64965	26.40967	28.71283	27.48079	27.76733	26.36575	30.05978	25.92334	35.85837	21.46711	28.45543	24.21192	31.49371	27.14028	35.12204	30.74735	31.07838	30.07807	22.63985	32.10693	22.5267	21.53305	29.57306	26.18326	37.01548	30.76328	22.2927
alpha_rarefaction_393510_3.txt	393510	3	28.48293	24.26991	28.04829	31.92424	26.38006	28.25387	27.85181	28.26706	26.1832	29.59653	25.86664	34.92869	21.46711	28.24451	24.14483	31.84602	26.72675	34.87956	30.93843	31.05232	30.13277	22.78406	32.74005	23.03849	21.27802	29.96906	26.1847	36.94113	30.83398	22.44981
alpha_rarefaction_393510_4.txt	393510	4	27.42764	23.95143	28.2065	33.00268	26.16915	28.12524	27.44263	27.654	26.37498	30.12785	25.5443	35.44505	21.46711	28.33117	24.44911	31.9036	27.41818	34.4714	30.87339	30.88483	30.13443	22.87547	32.58995	23.00243	21.12993	29.83928	26.07833	35.94106	30.33754	21.81495
alpha_rarefaction_393510_5.txt	393510	5	27.92003	24.33144	28.76504	32.4879	26.81247	28.14692	27.75722	28.04302	26.59123	29.94821	25.97934	35.298	21.46711	28.70132	24.12841	31.94344	27.63819	34.50664	31.21752	30.82055	30.13332	22.76123	32.29855	22.89545	20.60173	30.00972	26.1502	36.95529	32.02491	21.56895
alpha_rarefaction_393510_6.txt	393510	6	28.15659	24.30688	28.05604	33.04275	26.17503	27.94507	27.56442	27.43184	26.35375	29.07148	25.54614	35.35956	21.46711	27.70842	23.76937	31.75568	27.43954	34.91576	30.95014	30.83818	30.15583	22.75085	32.64089	23.06697	21.88681	29.98082	25.80201	36.40892	30.72244	22.559
alpha_rarefaction_393510_7.txt	393510	7	28.27547	24.25999	28.2211	32.66371	26.75819	28.26039	27.59083	27.43805	26.36555	30.20362	25.718	35.39845	21.46711	28.91274	24.52136	31.90742	27.25886	34.96587	30.74626	30.86683	30.15735	22.90829	32.1895	23.08452	20.96881	29.51751	26.05023	36.81827	31.23874	22.00512
alpha_rarefaction_393510_8.txt	393510	8	27.61077	24.42074	28.47856	31.85798	27.00623	27.83346	26.96951	28.29339	26.08248	29.79273	25.59859	35.25115	21.46711	28.84401	23.29673	31.675	26.48646	34.20595	31.069	31.27148	30.09153	22.57537	32.87329	22.84482	21.66511	30.08895	25.19794	36.31565	30.38702	22.34517
alpha_rarefaction_393510_9.txt	393510	9	27.98681	24.06449	28.56209	33.33286	26.40627	27.78447	27.35193	28.37074	26.43714	29.40679	25.65958	35.06218	21.46711	27.88347	24.67591	31.73268	27.59773	34.93791	30.82985	30.77831	30.12424	22.67136	32.6206	22.8008	21.66539	29.68757	25.54295	36.82777	29.99268	21.36062