Group1	Group2	Group1 mean	Group1 std	Group2 mean	Group2 std	t stat	p-value
59	49	FN50	0.0	FN46	0.0	None	None
72	34	FN53	0.0	531.95	55.65	-1.78081174675	1.0
22	45	FN39	0.0	480.775	56.5518512075	-0.246205470419	1.0
43	34	521.7	24.1	531.95	55.65	-0.169018326214	1.0
59	35	FN50	0.0	FN38	0.0	None	None
35	29	FN38	0.0	401.55	68.55	-0.361738790105	1.0
31	34	FN40	0.0	531.95	55.65	-0.0887034106302	1.0
41	33	FN44	0.0	FN32	0.0	None	None
59	72	FN50	0.0	FN53	0.0	None	None
33	36	FN32	0.0	FN54	0.0	None	None
22	35	FN39	0.0	FN38	0.0	None	None
30	49	442.05	72.85	FN46	0.0	0.0217942792076	1.0
59	47	FN50	0.0	590.166666667	42.6619528646	-3.71216829343	1.0
33	42	FN32	0.0	494.95	49.55	0.274401591108	1.0
42	43	494.95	49.55	521.7	24.1	-0.485480743854	1.0
49	43	FN46	0.0	521.7	24.1	-1.97401087889	1.0
39	30	FN58	0.0	442.05	72.85	0.426771612846	1.0
59	29	FN50	0.0	401.55	68.55	-0.297729132252	1.0
29	61	401.55	68.55	FN36	0.0	-0.156234099102	1.0
49	60	FN46	0.0	FN60	0.0	None	None
49	31	FN46	0.0	FN40	0.0	None	None
42	60	494.95	49.55	FN60	0.0	1.99538312005	1.0
45	34	480.775	56.5518512075	531.95	55.65	-0.857703400027	1.0
41	34	FN44	0.0	531.95	55.65	0.157176218836	1.0
39	61	FN58	0.0	FN36	0.0	None	None
34	50	531.95	55.65	498.3	0.0	0.34910757517	1.0
33	29	FN32	0.0	401.55	68.55	0.984990721834	1.0
33	47	FN32	0.0	590.166666667	42.6619528646	-1.18784965484	1.0
39	34	FN58	0.0	531.95	55.65	-0.374006778154	1.0
47	61	590.166666667	42.6619528646	FN36	0.0	2.81879485535	1.0
30	60	442.05	72.85	FN60	0.0	0.937946525169	1.0
49	72	FN46	0.0	FN53	0.0	None	None
30	47	442.05	72.85	590.166666667	42.6619528646	-2.21660433018	1.0
47	34	590.166666667	42.6619528646	531.95	55.65	1.02320253323	1.0
39	45	FN58	0.0	480.775	56.5518512075	0.207168719894	1.0
31	42	FN40	0.0	494.95	49.55	0.331495765054	1.0
22	72	FN39	0.0	FN53	0.0	None	None
72	50	FN53	0.0	498.3	0.0	None	None
39	50	FN58	0.0	498.3	0.0	None	None
59	42	FN50	0.0	494.95	49.55	-1.50017855011	1.0
22	50	FN39	0.0	498.3	0.0	None	None
61	50	FN36	0.0	498.3	0.0	None	None
30	36	442.05	72.85	FN54	0.0	0.218339051698	1.0
41	61	FN44	0.0	FN36	0.0	None	None
59	31	FN50	0.0	FN40	0.0	None	None
45	61	480.775	56.5518512075	FN36	0.0	0.831071873028	1.0
42	35	494.95	49.55	FN38	0.0	1.58873277909	1.0
29	34	401.55	68.55	531.95	55.65	-1.4768656172	1.0
47	31	590.166666667	42.6619528646	FN40	0.0	1.10663388774	1.0
30	61	442.05	72.85	FN36	0.0	0.173957974039	1.0
39	42	FN58	0.0	494.95	49.55	0.0110692786222	1.0
30	59	442.05	72.85	FN50	0.0	0.601125846507	1.0
30	42	442.05	72.85	494.95	49.55	-0.600426374491	1.0
22	60	FN39	0.0	FN60	0.0	None	None
49	47	FN46	0.0	590.166666667	42.6619528646	-2.50056164549	1.0
39	35	FN58	0.0	FN38	0.0	None	None
42	29	494.95	49.55	401.55	68.55	1.10423917569	1.0
41	60	FN44	0.0	FN60	0.0	None	None
59	34	FN50	0.0	531.95	55.65	-1.71960120608	1.0
49	29	FN46	0.0	401.55	68.55	0.317942708416	1.0
59	60	FN50	0.0	FN60	0.0	None	None
61	72	FN36	0.0	FN53	0.0	None	None
41	22	FN44	0.0	FN39	0.0	None	None
45	72	480.775	56.5518512075	FN53	0.0	1.65015877879	1.0
22	34	FN39	0.0	531.95	55.65	-0.717408285974	1.0
39	59	FN58	0.0	FN50	0.0	None	None
35	34	FN38	0.0	531.95	55.65	-1.79844868219	1.0
45	43	480.775	56.5518512075	521.7	24.1	-0.800087789178	1.0
45	60	480.775	56.5518512075	FN60	0.0	2.15147283817	1.0
39	22	FN58	0.0	FN39	0.0	None	None
33	43	FN32	0.0	521.7	24.1	-0.0766606166559	1.0
30	45	442.05	72.85	480.775	56.5518512075	-0.584548789547	1.0
47	50	590.166666667	42.6619528646	498.3	0.0	1.52265751104	1.0
49	42	FN46	0.0	494.95	49.55	-0.648426689816	1.0
39	33	FN58	0.0	FN32	0.0	None	None
31	50	FN40	0.0	498.3	0.0	None	None
36	34	FN54	0.0	531.95	55.65	-1.21850474603	1.0
30	31	442.05	72.85	FN40	0.0	-0.644714404922	1.0
35	50	FN38	0.0	498.3	0.0	None	None
42	61	494.95	49.55	FN36	0.0	0.872142636707	1.0
29	60	401.55	68.55	FN60	0.0	0.655677876826	1.0
45	35	480.775	56.5518512075	FN38	0.0	1.67344385805	1.0
41	35	FN44	0.0	FN38	0.0	None	None
39	49	FN58	0.0	FN46	0.0	None	None
47	29	590.166666667	42.6619528646	401.55	68.55	2.93593402229	1.0
22	33	FN39	0.0	FN32	0.0	None	None
59	41	FN50	0.0	FN44	0.0	None	None
33	72	FN32	0.0	FN53	0.0	None	None
59	50	FN50	0.0	498.3	0.0	None	None
41	45	FN44	0.0	480.775	56.5518512075	0.908460518806	1.0
39	36	FN58	0.0	FN54	0.0	None	None
30	34	442.05	72.85	531.95	55.65	-0.980653329391	1.0
45	50	480.775	56.5518512075	498.3	0.0	-0.240041772968	1.0
49	33	FN46	0.0	FN32	0.0	None	None
43	72	521.7	24.1	FN53	0.0	3.86656985258	1.0
45	36	480.775	56.5518512075	FN54	0.0	0.907775663534	1.0
41	36	FN44	0.0	FN54	0.0	None	None
47	35	590.166666667	42.6619528646	FN38	0.0	3.83813560566	1.0
60	34	FN60	0.0	531.95	55.65	-2.16052459225	1.0
31	43	FN40	0.0	521.7	24.1	0.0407259525984	1.0
33	35	FN32	0.0	FN38	0.0	None	None
41	50	FN44	0.0	498.3	0.0	None	None
22	42	FN39	0.0	494.95	49.55	-0.37460769232	1.0
33	60	FN32	0.0	FN60	0.0	None	None
60	50	FN60	0.0	498.3	0.0	None	None
43	29	521.7	24.1	401.55	68.55	1.65352365588	1.0
60	61	FN60	0.0	FN36	0.0	None	None
42	34	494.95	49.55	531.95	55.65	-0.496560427712	1.0
49	34	FN46	0.0	531.95	55.65	-0.961212981858	1.0
43	61	521.7	24.1	FN36	0.0	2.43397457882	1.0
39	43	FN58	0.0	521.7	24.1	-0.618076221788	1.0
33	31	FN32	0.0	FN40	0.0	None	None
31	72	FN40	0.0	FN53	0.0	None	None
22	29	FN39	0.0	401.55	68.55	0.515867308357	1.0
30	41	442.05	72.85	FN44	0.0	-0.832541465729	1.0
22	61	FN39	0.0	FN36	0.0	None	None
33	45	FN32	0.0	480.775	56.5518512075	0.516723303007	1.0
30	22	442.05	72.85	FN39	0.0	-0.164447743112	1.0
30	50	442.05	72.85	498.3	0.0	-0.4457920747	1.0
22	47	FN39	0.0	590.166666667	42.6619528646	-2.11105745635	1.0
41	43	FN44	0.0	521.7	24.1	0.608493644706	1.0
43	36	521.7	24.1	FN54	0.0	2.56813065797	1.0
59	33	FN50	0.0	FN32	0.0	None	None
31	60	FN40	0.0	FN60	0.0	None	None
31	36	FN40	0.0	FN54	0.0	None	None
41	72	FN44	0.0	FN53	0.0	None	None
59	61	FN50	0.0	FN36	0.0	None	None
41	31	FN44	0.0	FN40	0.0	None	None
60	72	FN60	0.0	FN53	0.0	None	None
45	42	480.775	56.5518512075	494.95	49.55	-0.246037217096	1.0
59	45	FN50	0.0	480.775	56.5518512075	-1.56934585665	1.0
47	43	590.166666667	42.6619528646	521.7	24.1	1.59640895078	1.0
22	49	FN39	0.0	FN46	0.0	None	None
31	61	FN40	0.0	FN36	0.0	None	None
42	50	494.95	49.55	498.3	0.0	-0.0390337719836	1.0
49	50	FN46	0.0	498.3	0.0	None	None
59	36	FN50	0.0	FN54	0.0	None	None
30	33	442.05	72.85	FN32	0.0	-0.60588096197	1.0
31	35	FN40	0.0	FN38	0.0	None	None
33	34	FN32	0.0	531.95	55.65	-0.139539283389	1.0
30	72	442.05	72.85	FN53	0.0	0.647884481898	1.0
39	72	FN58	0.0	FN53	0.0	None	None
45	29	480.775	56.5518512075	401.55	68.55	1.228221161	1.0
29	72	401.55	68.55	FN53	0.0	0.347420840322	1.0
33	50	FN32	0.0	498.3	0.0	None	None
30	35	442.05	72.85	FN38	0.0	0.661357309044	1.0
47	72	590.166666667	42.6619528646	FN53	0.0	3.80995870687	1.0
31	29	FN40	0.0	401.55	68.55	1.0262601065	1.0
30	29	442.05	72.85	401.55	68.55	0.404874002572	1.0
39	31	FN58	0.0	FN40	0.0	None	None
41	49	FN44	0.0	FN46	0.0	None	None
35	72	FN38	0.0	FN53	0.0	None	None
49	61	FN46	0.0	FN36	0.0	None	None
31	45	FN40	0.0	480.775	56.5518512075	0.5838391197	1.0
60	36	FN60	0.0	FN54	0.0	None	None
35	60	FN38	0.0	FN60	0.0	None	None
42	72	494.95	49.55	FN53	0.0	1.56892459629	1.0
47	36	590.166666667	42.6619528646	FN54	0.0	2.91161287489	1.0
39	47	FN58	0.0	590.166666667	42.6619528646	-1.56243666227	1.0
22	31	FN39	0.0	FN40	0.0	None	None
47	60	590.166666667	42.6619528646	FN60	0.0	4.41659076316	1.0
59	43	FN50	0.0	521.7	24.1	-3.72522684062	1.0
39	29	FN58	0.0	401.55	68.55	0.794646212955	1.0
47	45	590.166666667	42.6619528646	480.775	56.5518512075	2.37054816336	1.0
43	60	521.7	24.1	FN60	0.0	4.74337565558	1.0
22	43	FN39	0.0	521.7	24.1	-1.41103447532	1.0
41	47	FN44	0.0	590.166666667	42.6619528646	-0.713814769327	1.0
33	61	FN32	0.0	FN36	0.0	None	None
36	72	FN54	0.0	FN53	0.0	None	None
61	34	FN36	0.0	531.95	55.65	-1.16040660573	1.0
43	50	521.7	24.1	498.3	0.0	0.560580759296	1.0
49	35	FN46	0.0	FN38	0.0	None	None
41	29	FN44	0.0	401.55	68.55	1.22586917112	1.0
29	36	401.55	68.55	FN54	0.0	-0.109069088053	1.0
39	60	FN58	0.0	FN60	0.0	None	None
35	36	FN38	0.0	FN54	0.0	None	None
61	36	FN36	0.0	FN54	0.0	None	None
49	45	FN46	0.0	480.775	56.5518512075	-0.568087448435	1.0
41	42	FN44	0.0	494.95	49.55	0.607645136998	1.0
35	61	FN38	0.0	FN36	0.0	None	None
59	22	FN50	0.0	FN39	0.0	None	None
29	50	401.55	68.55	498.3	0.0	-0.814859789119	1.0
42	36	494.95	49.55	FN54	0.0	0.937393121217	1.0
49	36	FN46	0.0	FN54	0.0	None	None
36	50	FN54	0.0	498.3	0.0	None	None
43	35	521.7	24.1	FN38	0.0	3.90729580518	1.0
22	36	FN39	0.0	FN54	0.0	None	None
39	41	FN58	0.0	FN44	0.0	None	None
47	42	590.166666667	42.6619528646	494.95	49.55	1.77404124695	1.0
30	43	442.05	72.85	521.7	24.1	-1.0380167674	1.0
